0.26 1.0865e+07
0.265 1.0853e+07
0.27 1.0825e+07
0.275 1.085e+07
0.28 1.0775e+07
0.285 1.0783e+07
0.29 1.0782e+07
0.295 1.0751e+07
0.3 1.0775e+07
0.305 1.076e+07
0.31 1.0784e+07
0.315 1.0755e+07
0.32 1.0727e+07
0.325 1.068e+07
0.33 1.0657e+07
0.335 1.06e+07
0.34 1.0613e+07
0.345 1.0566e+07
0.35 1.0502e+07
0.355 1.0496e+07
0.36 1.0434e+07
0.365 1.0398e+07
0.37 1.0394e+07
0.375 1.0252e+07
0.38 1.021e+07
0.385 1.0035e+07
0.39 9.7383e+06
0.395 9.2768e+06
0.4 8.4004e+06
0.405 7.2929e+06
0.41 5.3314e+06
0.415 3.274e+06
0.42 2.3587e+06
0.425 2.6931e+06
0.43 3.2313e+06
0.435 3.3317e+06
0.44 2.9273e+06
0.445 2.1907e+06
0.45 1.3912e+06
0.455 7.2119e+05
0.46 3.7981e+05
0.465 3.7171e+05
0.47 5.9491e+05
0.475 8.9218e+05
0.48 1.1441e+06
0.485 1.2784e+06
0.49 1.2741e+06
0.495 1.1531e+06
0.5 9.453e+05
0.505 6.9215e+05
0.51 4.4751e+05
0.515 2.4478e+05
0.52 1.1687e+05
0.525 65659
0.53 83848
0.535 1.5258e+05
0.54 2.4388e+05
0.545 3.3538e+05
0.55 4.0826e+05
0.555 4.5196e+05
0.56 4.6117e+05
0.565 4.3221e+05
0.57 3.8287e+05
0.575 3.1172e+05
0.58 2.3485e+05
0.585 1.5932e+05
0.59 96511
0.595 51503
0.6 26241
0.605 20297
0.61 31164
0.615 54559
0.62 83908
0.625 1.1436e+05
0.63 1.3855e+05
0.635 1.5728e+05
0.64 1.6642e+05
0.645 1.6398e+05
0.65 1.5358e+05
0.655 1.3523e+05
0.66 1.127e+05
0.665 87850
0.67 63726
0.675 42576
0.68 26980
0.685 16286
0.69 11575
0.695 12643
0.7 17920
0.705 26017
0.71 35762
0.715 45395
0.72 53693
0.725 59693
0.73 62778
0.735 62599
0.74 59743
0.745 54137
0.75 47426
0.755 39557
0.76 31359
0.765 23970
0.77 17549
0.775 12904
0.78 9930.7
0.785 8885.8
0.79 9359.7
0.795 10794
0.8 13500
0.805 16464
0.81 19419
0.815 21907
0.82 23886
0.825 25117
0.83 25401
0.835 24568
0.84 23274
0.845 21085
0.85 18467
0.86 13670
0.87 9447.5
0.88 7147.2
0.89 6774.6
0.9 7810.5
0.91 9399.8
0.92 10697
0.93 11178
0.94 10649
0.95 9590
0.96 7992.2
0.97 6427.7
0.98 5300.6
0.99 4673.2
1 4553.4
1.01 4778.6
1.02 5158.3
1.03 5450.9
1.04 5628.5
1.05 5533
1.06 5119.6
1.07 4562.2
1.08 3873.8
1.09 3287.6
1.1 2892.4
1.11 2696.4
1.12 2687.2
1.13 2891.5
1.14 3206
1.15 3353.3
1.16 3351.1
1.17 3148.1
1.18 2815.5
1.19 2363
1.2 1967.4
1.21 1696.7
1.22 1612.9
1.23 1697.8
1.24 1827.7
1.25 2062.6
1.26 2188.8
1.27 2148.6
1.28 1949.3
1.29 1743.2
1.3 1411
1.31 1183.3
1.32 1019.2
1.33 1024.6
1.34 1140.8
1.35 1273.9
1.36 1395.7
1.37 1469.5
1.38 1383.9
1.39 1232.5
1.4 1018
1.41 871.45
1.42 722.36
1.43 689
1.44 740.04
1.45 834.08
1.46 927.76
1.47 967.84
1.48 951.55
1.49 879.99
1.5 753.2
1.51 609.54
1.52 524.41
1.53 475.44
1.54 501.68
1.55 553.42
1.56 611.64
1.57 651.85
1.58 683.06
1.59 627.18
1.6 565.36
1.61 481.97
1.62 409.19
1.63 350.77
1.64 360.48
1.65 383.74
1.66 419.44
1.67 461.94
1.68 473.91
1.69 465.68
