0.125000000000000	8817065	2969.35430691590
0.130000000000000	8839899	2973.19676442714
0.135000000000000	8834066	2972.21567185156
0.140000000000000	8752683	2958.49336656346
0.145000000000000	8702769	2950.04559286802
0.150000000000000	8710322	2951.32546493944
0.155000000000000	8690620	2947.98575301849
0.160000000000000	8655127	2941.95972100231
0.165000000000000	8577464	2928.73078312091
0.170000000000000	8513224	2917.74296331942
0.175000000000000	8523465	2919.49738825024
0.180000000000000	8497839	2915.10531542173
0.185000000000000	8488111	2913.43628727316
0.190000000000000	8466919	2909.79707196224
0.195000000000000	8448456	2906.62278254334
0.200000000000000	8414453	2900.76765701771
0.205000000000000	8416334	2901.09186341970
0.210000000000000	8419063	2901.56216545502
0.215000000000000	8413011	2900.51909147311
0.220000000000000	8427952	2903.09352243430
0.225000000000000	8409943	2899.99017239714
0.230000000000000	8406123	2899.33147466791
0.235000000000000	8400222	2898.31364762339
0.240000000000000	8388417.50000000	2896.27648887326
0.245000000000000	8378142	2894.50202971081
0.250000000000000	8356074.50000000	2890.68754797194
0.255000000000000	8315350	2883.63485899307
0.260000000000000	8383401	2895.41033361422
0.265000000000000	8353856	2890.30379026150
0.270000000000000	8332277.50000000	2886.56846445741
0.275000000000000	8354371	2890.39287986945
0.280000000000000	8347874.50000000	2889.26885214928
0.285000000000000	8365777	2892.36529504833
0.290000000000000	8395606	2897.51721306363
0.295000000000000	8413910	2900.67405959374
0.300000000000000	8458197	2908.29795584978
0.305000000000000	8473838	2910.98574369577
0.310000000000000	8490357	2913.82171726412
0.315000000000000	8504751	2916.29062337758
0.320000000000000	8436657	2904.59239825487
0.325000000000000	8448266	2906.59009837989
0.330000000000000	8413186	2900.54925833022
0.335000000000000	8406110	2899.32923277092
0.340000000000000	8384242.50000000	2895.55564615844
0.345000000000000	8353149	2890.18148219104
0.350000000000000	8309273.50000000	2882.58104829682
0.355000000000000	8291532	2879.50204028405
0.360000000000000	8283832.50000000	2878.16477985539
0.365000000000000	8188571	2861.56792685409
0.370000000000000	8114265	2848.55489678539
0.375000000000000	8021158.50000000	2832.16498460100
0.380000000000000	7777440	2788.80619620654
0.385000000000000	7378807.50000000	2716.39604991614
0.390000000000000	6672705.50000000	2583.15804781666
0.395000000000000	5542947	2354.34640611784
0.400000000000000	4235950.50000000	2058.14248777873
0.405000000000000	3384058.25000000	1839.58099848851
0.410000000000000	3324392	1823.29152907592
0.415000000000000	3092804.50000000	1758.63711435873
0.420000000000000	2336011.50000000	1528.40161606824
0.425000000000000	1450360.12500000	1204.30898236292
0.430000000000000	1029680.25000000	1014.73161476323
0.435000000000000	1200572.50000000	1095.70639315466
0.440000000000000	1593410.50000000	1262.30364809740
0.445000000000000	1804902.50000000	1343.46659802170
0.450000000000000	1695364.75000000	1302.06173048746
0.455000000000000	1330986	1153.68366548201
0.460000000000000	859563.250000000	927.126339826455
0.465000000000000	481426.468800000	693.849024500287
0.470000000000000	320829.531300000	566.418159401692
0.475000000000000	395553.656300000	628.930565563481
0.480000000000000	606480.062500000	778.768298340399
0.485000000000000	815606.437500000	903.109316472818
0.490000000000000	936389.937500000	967.672432954458
0.495000000000000	923782	961.135786452674
0.500000000000000	794884.937500000	891.563198825524
0.505000000000000	592614.937500000	769.814872225784
0.510000000000000	375614.937500000	612.874324392856
0.515000000000000	202013.359400000	449.458962976599
0.520000000000000	120226.515600000	346.736954477021
0.525000000000000	129789.265600000	360.262772986608
0.530000000000000	210590.171900000	458.901048048487
0.535000000000000	321204.781300000	566.749310806815
0.540000000000000	419977.562500000	648.056758702508
0.545000000000000	480789.156300000	693.389613637239
0.550000000000000	483299.312500000	695.197319111632
0.555000000000000	433855.312500000	658.676940920206
0.560000000000000	347908.968800000	589.838086935729
0.565000000000000	243424.125000000	493.380304633251
0.570000000000000	147638.890600000	384.238065006579
0.575000000000000	76800.0391000000	277.128199755997
0.580000000000000	46554.6211000000	215.765199001136
0.585000000000000	55179.2422000000	234.902622803578
0.590000000000000	93127.0156000000	305.167192863191
0.595000000000000	148426.843800000	385.262045626091
0.600000000000000	201199.265600000	448.552411207431
0.605000000000000	241155.031300000	491.075382502524
0.610000000000000	257037.593800000	506.988751157262
0.615000000000000	246986.406300000	496.977269399718
0.620000000000000	215838.625000000	464.584357248498
0.625000000000000	167991.656300000	409.867852240207
0.630000000000000	116746.992200000	341.682589840337
0.635000000000000	70495.0547000000	265.509048245065
0.640000000000000	36391.4063000000	190.765317340443
0.645000000000000	20215.9102000000	142.182664906802
0.650000000000000	22635.2656000000	150.450209704075
0.655000000000000	40238.7148000000	200.595899260179
0.660000000000000	66457.2266000000	257.792991758892
0.665000000000000	95756.4531000000	309.445395990957
0.670000000000000	119879.320300000	346.235931555349
0.675000000000000	134121.359400000	366.225831147941
0.680000000000000	136780.359400000	369.838288174710
0.685000000000000	128527.226600000	358.506940797525
0.690000000000000	108578.375000000	329.512329056137
0.695000000000000	83342.4141000000	288.690862515598
0.700000000000000	56856.5313000000	238.446076293991
0.705000000000000	33109.5508000000	181.960300065701
0.710000000000000	16752.1250000000	129.430000386309
0.715000000000000	8931.45610000000	94.5063812660288
0.720000000000000	10262.5820000000	101.304402668393
0.725000000000000	19766.0879000000	140.591919753590
0.730000000000000	33794.8008000000	183.833622604789
0.735000000000000	49913.2500000000	223.412734641515
0.740000000000000	63244.0625000000	251.483722137239
0.745000000000000	73036.0547000000	270.251835701443
0.750000000000000	76635.2656000000	276.830752626944
0.755000000000000	74243.4375000000	272.476489811507
0.760000000000000	65033.8008000000	255.017255886734
0.765000000000000	52528.7656000000	229.191547837175
0.770000000000000	38186.6602000000	195.414073699926
0.775000000000000	24404.1035000000	156.218127949352
0.780000000000000	13085.1143000000	114.390184456535
0.785000000000000	6151.36040000000	78.4306088207914
0.790000000000000	3850.65480000000	62.0536445343865
0.795000000000000	6399.92240000000	79.9995149985298
0.800000000000000	12317.8896000000	110.985988304831
0.805000000000000	20458.6367000000	143.033690786472
0.810000000000000	29839.1895000000	172.740237061317
0.815000000000000	36758.3398000000	191.724645781391
0.820000000000000	42177.4063000000	205.371386273746
0.825000000000000	43324.1016000000	208.144424859279
0.830000000000000	42274.1250000000	205.606724111834
0.835000000000000	36901.8086000000	192.098434663065
0.840000000000000	30174.5703000000	173.708290821135
0.845000000000000	21931.9766000000	148.094485380111
0.850000000000000	13919.7021000000	117.981787153781
0.855000000000000	7672.00240000000	87.5899674620330
0.860000000000000	3398.08690000000	58.2931119430075
0.865000000000000	1887.67270000000	43.4473555006516
0.870000000000000	2894.39820000000	53.7996115227610
0.875000000000000	6128.80710000000	78.2866981038286
0.880000000000000	10882.9375000000	104.321318530778
0.885000000000000	15796.9648000000	125.685976942537
0.890000000000000	20508.0273000000	143.206240436651
0.895000000000000	23927.9219000000	154.686527855531
0.900000000000000	25493.1797000000	159.665837610930
0.905000000000000	25208.8125000000	158.772833003634
0.910000000000000	22592.7500000000	150.308848708251
0.915000000000000	19198.6875000000	138.559328448142
0.920000000000000	14774.7500000000	121.551429444495
0.925000000000000	10071.5498000000	100.357111357392
0.930000000000000	6073.97610000000	77.9357177422522
0.935000000000000	2953.00070000000	54.3415191175219
0.940000000000000	1227.23250000000	35.0318783395924
0.945000000000000	1079.79570000000	32.8602449777843
0.950000000000000	2305.37770000000	48.0143488969704
0.955000000000000	4639.09180000000	68.1108787199226
0.960000000000000	7741.74660000000	87.9871956593685
0.965000000000000	10464.9834000000	102.298501455300
0.970000000000000	12988.5166000000	113.967173343906
0.975000000000000	14861.2959000000	121.906914898212
0.980000000000000	15387.8232000000	124.047665032438
0.985000000000000	14626.3174000000	120.939312880469
0.990000000000000	13130.3594000000	114.587780325827
0.995000000000000	10747.9258000000	103.672203603473
1	8133.35550000000	90.1851179519104
1.00500000000000	5490.10938000000	23.4309824377895
1.01000000000000	3213.08145000000	17.9250702927492
1.01500000000000	1503.33672000000	12.2610632491640
1.02000000000000	687.760500000000	8.29313270121731
1.02500000000000	773.445120000000	8.79457287194779
1.03000000000000	1637.54834000000	12.7966727706854
1.03500000000000	3092.12520000000	17.5844397124276
1.04000000000000	4892.89844000000	22.1198970160351
1.04500000000000	6657.61016000000	25.8023451647326
1.05000000000000	8176.17188000000	28.5940061551368
1.05500000000000	9095.78828000000	30.1592245921542
1.06000000000000	9462.25313000000	30.7607755591435
1.06500000000000	9093.81875000000	30.1559591954890
1.07000000000000	8179.21563000000	28.5993280165811
1.07500000000000	6782.38516000000	26.0430128057412
1.08000000000000	5117.85820000000	22.6226837488394
1.08500000000000	3539.60586000000	18.8138402778380
1.09000000000000	2084.71230000000	14.4385328202003
1.09500000000000	1068.06523000000	10.3347241375859
1.10000000000000	535.507520000000	7.31783793206709
1.10500000000000	555.909620000000	7.45593468319030
1.11000000000000	1043.74854000000	10.2164012254805
1.11500000000000	1940.05469000000	13.9285846014590
1.12000000000000	2980.13789000000	17.2630758846736
1.12500000000000	4152.16953000000	20.3768729936661
1.13000000000000	5096.72188000000	22.5759205349417
1.13500000000000	5729.79727000000	23.9369949450636
1.14000000000000	6014.24531000000	24.5239583061136
1.14500000000000	5910.05156000000	24.3105976068051
1.15000000000000	5356.59727000000	23.1443238613704
1.15500000000000	4588.75781000000	21.4213860662656
1.16000000000000	3622.50664000000	19.0328837541766
1.16500000000000	2540.23691000000	15.9381206859529
1.17000000000000	1666.48730000000	12.9092497845537
1.17500000000000	959.139060000000	9.79356451962206
1.18000000000000	517.714750000000	7.19523974583196
1.18500000000000	447.794630000000	6.69174588579094
1.19000000000000	668.470850000000	8.17600666584855
1.19500000000000	1128.22305000000	10.6217844546008
1.20000000000000	1800.61895000000	13.4187143571953
1.20500000000000	2477.28652000000	15.7393980825189
1.21000000000000	3134.79512000000	17.7053526369852
1.21500000000000	3645.17773000000	19.0923485459490
1.22000000000000	3899.66875000000	19.7475789655340
1.22500000000000	3967.97383000000	19.9197736683929
1.23000000000000	3678.61758000000	19.1797225735932
1.23500000000000	3283.73164000000	18.1210696152297
1.24000000000000	2664.91035000000	16.3245531332407
1.24500000000000	2031.37168000000	14.2526196890256
1.25000000000000	1421.04199000000	11.9207465789690
1.25500000000000	902.307420000000	9.49898636697622
1.26000000000000	567.231690000000	7.53147854010088
1.26500000000000	400.326290000000	6.32713434344491
1.27000000000000	453.373880000000	6.73330438937673
1.27500000000000	700.452880000000	8.36930630339218
1.28000000000000	1054.09102000000	10.2668934931653
1.28500000000000	1496.23438000000	12.2320659743152
1.29000000000000	1907.57285000000	13.8114910491228
1.29500000000000	2322.30820000000	15.2391213657481
1.30000000000000	2530.95605000000	15.9089787541501
1.30500000000000	2645.62598000000	16.2653803521467
1.31000000000000	2601.32910000000	16.1286363341728
1.31500000000000	2399.01328000000	15.4887484323298
1.32000000000000	2086.16113000000	14.4435491829398
1.32500000000000	1670.33027000000	12.9241257731423
1.33000000000000	1236.87500000000	11.1214882097676
1.33500000000000	882.878320000000	9.39616049245648
1.34000000000000	604.837940000000	7.77713276214313
1.34500000000000	411.922120000000	6.41811592291694
1.35000000000000	384.618240000000	6.20175975026444
1.35500000000000	453.492870000000	6.73418792431575
1.36000000000000	641.272460000000	8.00794892591105
1.36500000000000	885.448440000000	9.40982699097066
1.37000000000000	1173.70088000000	10.8337476433596
1.37500000000000	1454.98047000000	12.0622571270886
1.38000000000000	1676.94375000000	12.9496862896365
1.38500000000000	1823.33438000000	13.5030899426761
1.39000000000000	1854.16523000000	13.6167735899515
1.39500000000000	1783.24160000000	13.3538069478333
1.40000000000000	1604.65068000000	12.6674807282269
1.40500000000000	1405.72676000000	11.8563348468234
1.41000000000000	1138.73340000000	10.6711452056469
1.41500000000000	837.523930000000	9.15163335148431
1.42000000000000	618.011770000000	7.86137246287186
1.42500000000000	442.136330000000	6.64933327484794
1.43000000000000	336.402220000000	5.80001913789946
1.43500000000000	342.907980000000	5.85583452635062
1.44000000000000	418.734570000000	6.47097032909285
1.44500000000000	546.594430000000	7.39320248606786
1.45000000000000	742.273730000000	8.61553091805723
1.45500000000000	923.050680000000	9.60755265403214
1.46000000000000	1100.15078000000	10.4888072725167
1.46500000000000	1237.64473000000	11.1249482245986
1.47000000000000	1312.81631000000	11.4578196442430
1.47500000000000	1305.72549000000	11.4268346010608
1.48000000000000	1244.21895000000	11.1544562843735
1.48500000000000	1137.65020000000	10.6660686290685
1.49000000000000	973.108590000000	9.86462665284399
1.49500000000000	775.967140000000	8.80889970427635
1.50000000000000	593.998100000000	7.70712722095594
1.50500000000000	461.998290000000	6.79704560820361
1.51000000000000	357.794750000000	5.98159468703790
1.51500000000000	299.679030000000	5.47429474909782
1.52000000000000	305.046630000000	5.52310266064284
1.52500000000000	369.605810000000	6.07952144498233
1.53000000000000	462.995460000000	6.80437697368392
1.53500000000000	597.589400000000	7.73039067576795
1.54000000000000	714.155080000000	8.45076966908932
1.54500000000000	837.692870000000	9.15255630957822
1.55000000000000	926.956740000000	9.62785926361619
1.55500000000000	966.075490000000	9.82891392779487
1.56000000000000	955.647460000000	9.77572227510581
1.56500000000000	916.060450000000	9.57110469068226
1.57000000000000	841.606540000000	9.17391159756840
1.57500000000000	706.844780000000	8.40740613982696
1.58000000000000	565.207370000000	7.51802746736137
1.58500000000000	451.729790000000	6.72108465948763
1.59000000000000	367.448390000000	6.06175213943955
1.59500000000000	282.821020000000	5.31809195106666
1.60000000000000	260.514090000000	5.10405809136221
1.60500000000000	259.774190000000	5.09680478339126
1.61000000000000	306.438570000000	5.53568938796244
1.61500000000000	373.749630000000	6.11350660423296
1.62000000000000	468.481590000000	6.84457149864037
1.62500000000000	560.068120000000	7.48376990560239
1.63000000000000	632.535840000000	7.95321218125105
1.63500000000000	687.033590000000	8.28874894058205
1.64000000000000	723.334670000000	8.50490840632631
1.64500000000000	712.760350000000	8.44251354751652
1.65000000000000	664.207810000000	8.14989453919497
1.65500000000000	614.128960000000	7.83663805467625
1.66000000000000	518.265630000000	7.19906681452534
1.66500000000000	425.133500000000	6.52022622306926
1.67000000000000	345.783450000000	5.88033544961510
1.67500000000000	275.576340000000	5.24953655097286
1.68000000000000	228.279150000000	4.77785673707364
1.68500000000000	208.079810000000	4.56157659148676
1.69000000000000	219.902370000000	4.68937490503798
1.69500000000000	259.996170000000	5.09898195721460
1.70000000000000	311.651680000000	5.58257718262811
1.70500000000000	361.957890000000	6.01629362647802
1.71000000000000	430.384030000000	6.56036607210299
1.71500000000000	487.017380000000	6.97866305247645
1.72000000000000	523.949410000000	7.23843498278461
1.72500000000000	533.589990000000	7.30472443012055
1.73000000000000	529.242240000000	7.27490371070298
1.73500000000000	498.555420000000	7.06084570005605
1.74000000000000	453.340770000000	6.73305851749411
1.74500000000000	388.475020000000	6.23277642788509
1.75000000000000	322.996260000000	5.68327599189059
1.75500000000000	259.171070000000	5.09088469718182
1.76000000000000	219.316850000000	4.68312769418046
1.76500000000000	180.911110000000	4.25336466811864
1.77000000000000	176.929420000000	4.20629789720129
1.77500000000000	193.312330000000	4.39672980748192
1.78000000000000	210.229300000000	4.58507688048957
1.78500000000000	252.875370000000	5.02867149454008
1.79000000000000	290.515890000000	5.38995259719415
1.79500000000000	339.459180000000	5.82631255598256
1.80000000000000	375.010820000000	6.12381270125075
1.80500000000000	406.424560000000	6.37514360622567
1.81000000000000	398.505130000000	6.31272627317231
1.81500000000000	415.191750000000	6.44353746012235
1.82000000000000	374.907030000000	6.12296521303200
1.82500000000000	332.836840000000	5.76920133120695
1.83000000000000	288.484840000000	5.37107847643283
1.83500000000000	242.988160000000	4.92938292284136
1.84000000000000	197.951760000000	4.44917700254777
1.84500000000000	160.225390000000	4.00281638349800
1.85000000000000	142.713320000000	3.77774165342206
1.85500000000000	141.640630000000	3.76351737075837
1.86000000000000	153.357260000000	3.91608554554162
1.86500000000000	179.426620000000	4.23587794913876
1.87000000000000	202.040000000000	4.49488598298110
1.87500000000000	229.950850000000	4.79531907176154
1.88000000000000	264.728030000000	5.14517278621428
1.88500000000000	293.338230000000	5.41607080825205
1.89000000000000	311.105830000000	5.57768616901310
1.89500000000000	298.789890000000	5.46616767031528
1.90000000000000	293.834640000000	5.42065162134591
1.90500000000000	270.261160000000	5.19866482858820
1.91000000000000	249.664840000000	4.99664727592413
1.91500000000000	221.861450000000	4.71021708629231
1.92000000000000	179.933630000000	4.24185843705327
1.92500000000000	149.423050000000	3.86552777767797
1.93000000000000	130.524930000000	3.61282341112875
1.93500000000000	111.300380000000	3.33617115867876
1.94000000000000	116.143960000000	3.40799002345958
1.94500000000000	130.119270000000	3.60720487358287
1.95000000000000	141.850960000000	3.76631066164224
1.95500000000000	159.997570000000	3.99996962488467
1.96000000000000	185.908610000000	4.31171207294736
1.96500000000000	210.357840000000	4.58647838760851
1.97000000000000	228.788620000000	4.78318534033545
1.97500000000000	225.772750000000	4.75155500862612
1.98000000000000	243.222340000000	4.93175769883315
1.98500000000000	225.267410000000	4.74623440213397
1.99000000000000	205.575440000000	4.53404278762343
1.99500000000000	189.332200000000	4.35123200944284
2	160.845240000000	4.01055158301199
2.01250000000000	107.112850000000	1.88955770838928
2.02500000000000	91.8166433333333	1.74944413394020
2.03750000000000	123.479843333333	2.02879145743908
2.05000000000000	162.865673333333	2.32999051023342
2.06250000000000	177.491260000000	2.43236003365730
2.07500000000000	156.042853333333	2.28066403585544
2.08750000000000	112.668936666667	1.93794510299498
2.10000000000000	75.4978200000000	1.58637763473897
2.11250000000000	81.5613700000000	1.64885182273403
2.12500000000000	104.060253333333	1.86243794825790
2.13750000000000	126.331453333333	2.05208392724188
2.15000000000000	129.529860000000	2.07789845757679
2.16250000000000	103.498250000000	1.85740185922882
2.17500000000000	70.4520500000000	1.53244956415103
2.18750000000000	57.8768666666667	1.38896684225682
2.20000000000000	65.2375500000000	1.47464741548616
2.21250000000000	84.4054933333333	1.67735400093255
2.22500000000000	96.4640633333333	1.79317282429156
2.23750000000000	92.8813300000000	1.75955799373972
2.25000000000000	68.1477433333333	1.50717996418624
2.26250000000000	50.4133800000000	1.29632017649962
2.27500000000000	44.6758866666667	1.22032627695310
2.28750000000000	54.7613900000000	1.35106612224075
2.30000000000000	69.0864166666667	1.51752448268737
2.31250000000000	72.5835433333333	1.55545859618456
2.32500000000000	62.9088133333333	1.44808854855097
2.33750000000000	45.6441700000000	1.23347976608185
2.35000000000000	36.7071333333333	1.10615148651128
2.36250000000000	37.7268966666667	1.12141126364159
2.37500000000000	45.0584566666667	1.22554010768949
2.38750000000000	49.6711333333333	1.28674179400704
2.40000000000000	50.2733466666667	1.29451852911506
2.41250000000000	41.1638600000000	1.17137895946046
2.42500000000000	28.5289966666667	0.975175140964717
2.43750000000000	26.4300066666667	0.938616120798179
2.45000000000000	29.7752333333333	0.996246845805686
2.46250000000000	37.6459800000000	1.12020801639695
2.47500000000000	39.4217166666667	1.14632334976752
2.48750000000000	33.9295033333333	1.06347705402817
2.50000000000000	26.6937066666667	0.943286924653481
2.51250000000000	21.5814300000000	0.848163309746419
2.52500000000000	20.1037566666667	0.818611765260079
2.53750000000000	25.4656566666667	0.921333393632415
2.55000000000000	27.3204233333333	0.954295959216939
2.56250000000000	26.1311066666667	0.933293570581566
2.57500000000000	23.1309700000000	0.878084468222353
2.58750000000000	18.5950333333333	0.787295652499393
2.60000000000000	14.7614333333333	0.701461173392924
2.61250000000000	15.4141500000000	0.716801925220629
2.62500000000000	19.2432833333333	0.800901228478130
2.63750000000000	20.4927100000000	0.826492790853818
2.65000000000000	17.3419733333333	0.760306370996441
2.66250000000000	14.6533466666667	0.698888323617507
2.67500000000000	12.8538966666667	0.654571021526482
2.68750000000000	10.4368133333333	0.589825209513613
2.70000000000000	11.7812133333333	0.626663475169178
2.71250000000000	14.0886533333333	0.685289557616179
2.72500000000000	14.8463833333333	0.703476683653726
2.73750000000000	11.3811100000000	0.615930461442957
2.75000000000000	9.74570333333333	0.569962084508942
2.76250000000000	8.00284000000000	0.516489431966747
2.77500000000000	7.96921333333333	0.515403186296364
2.78750000000000	10.3154533333333	0.586385917672350
2.80000000000000	10.7988266666667	0.599967406522128
2.81250000000000	10.5399133333333	0.592731342552800
2.82500000000000	8.26361000000000	0.524836800030892
2.83750000000000	5.92690666666667	0.444481220700668
2.85000000000000	5.51954333333333	0.428934467929284
2.86250000000000	6.28243000000000	0.457618108616053
2.87500000000000	7.31412000000000	0.493765126350576
2.88750000000000	7.88412333333333	0.512644234446376
2.90000000000000	7.49027666666667	0.499675783772727
2.91250000000000	4.67126666666667	0.394599656473354
2.92500000000000	3.23250333333333	0.328253120489526
2.93750000000000	3.51208333333333	0.342154123816219
2.95000000000000	4.70372000000000	0.395968012176068
2.96250000000000	6.44675333333333	0.463564211062262
2.97500000000000	5.11532666666667	0.412929641572131
2.98750000000000	4.47779333333333	0.386341529967693
3	2.47831666666667	0.287420520414872
3.01250000000000	2.30199666666667	0.277007621234908
3.02500000000000	2.85907333333333	0.308710939949404
3.03750000000000	3.75604333333333	0.353838161373875
3.05000000000000	3.90654000000000	0.360857312521168
3.06250000000000	3.54784666666667	0.343891778842641
3.07500000000000	3.20442333333333	0.326824281703657
3.08750000000000	1.68247666666667	0.236817557532282
3.10000000000000	1.85776333333333	0.248848235767193
3.11250000000000	1.90981000000000	0.252309994517327
3.12500000000000	2.74607666666667	0.302548985932673
3.13750000000000	3.03101666666667	0.317858284285448
3.15000000000000	2.79141333333333	0.305036245569459
3.16250000000000	1.60831666666667	0.231539533461471
3.17500000000000	1.06615000000000	0.188516135472095
3.18750000000000	1.75072000000000	0.241572625380719
3.20000000000000	1.86407333333333	0.249270491189346
3.21250000000000	1.96374000000000	0.255847610893672
3.22500000000000	1.55160666666667	0.227420804286288
3.23750000000000	1.51197333333333	0.224497463484804
3.25000000000000	1.20648666666667	0.200539827022520
3.26250000000000	1.00656666666667	0.183172656862923
3.27500000000000	0.855080000000000	0.168827327961639
3.28750000000000	1.34564666666667	0.211789728006079
3.30000000000000	1.52861666666667	0.225729681010028
3.31250000000000	1.55500666666667	0.227669838923726
3.32500000000000	1.30583333333333	0.208633117643815
3.33750000000000	0.483730000000000	0.126981625967434
3.35000000000000	0.549033333333333	0.135281599307190
3.36250000000000	1.20874333333333	0.200727288738837
3.37500000000000	0.854103333333333	0.168730883690897
3.38750000000000	0.964476666666667	0.179302041879679
3.40000000000000	0.962873333333333	0.179152945211006
3.41250000000000	1.13437333333333	0.194454221976393
3.42500000000000	0.443723333333333	0.121617341599699
3.43750000000000	0.685926666666667	0.151209200190406
3.45000000000000	0.651696666666667	0.147387998908399
3.46250000000000	0.689213333333333	0.151571032119524
3.47500000000000	0.659413333333333	0.148258033321788
3.48750000000000	0.655540000000000	0.147821964989420
3.50000000000000	0.650893333333333	0.147297129790246
3.51250000000000	0.579236666666667	0.138952829726094
3.52500000000000	0.378643333333333	0.112345202142523
3.53750000000000	0.722913333333333	0.155232442199146
3.55000000000000	0.721996666666667	0.155133992263319
3.56250000000000	0.653576666666667	0.147600436614832
3.57500000000000	0.488900000000000	0.127658398339736
3.58750000000000	0.275890000000000	0.0958975147401294
3.60000000000000	0.589960000000000	0.140233139212289
3.61250000000000	0.310240000000000	0.101692346483565
3.62500000000000	0.483243333333333	0.126917733635261
3.63750000000000	0.411290000000000	0.117088285779008
3.65000000000000	0.344010000000000	0.107084079115432
3.66250000000000	0.584240000000000	0.139551663073812
3.67500000000000	0.313426666666667	0.102213284633435
3.68750000000000	0.345640000000000	0.107337474040213
3.70000000000000	0.349806666666667	0.107982508871679
3.71250000000000	0.483250000000000	0.126918609089973
3.72500000000000	0.549763333333333	0.135371505289867
3.73750000000000	0.445760000000000	0.121896130646820
3.75000000000000	0.240416666666667	0.0895203266799719
3.76250000000000	0.275830000000000	0.0958870863742002
3.77500000000000	0.208383333333333	0.0833433327334053
3.78750000000000	0.522513333333333	0.131973903144186
3.80000000000000	0.276813333333333	0.0960578529382742
3.81250000000000	0.208470000000000	0.0833606621854697
3.82500000000000	0.242016666666667	0.0898177166388805
3.83750000000000	0.0355933333333333	0.0344448028655187
3.85000000000000	0.277066666666667	0.0961017978788928
3.86250000000000	0.414976666666667	0.117611885264864
3.87500000000000	0.407066666666667	0.116485573737218
3.88750000000000	0.237590000000000	0.0889925090480467
3.90000000000000	0.273483333333333	0.0954783279656232
3.91250000000000	0.208213333333333	0.0833093298763377
3.92500000000000	0.172840000000000	0.0759034474403721
3.93750000000000	0.242300000000000	0.0898702768809948
3.95000000000000	0.100446666666667	0.0578638248150105
3.96250000000000	0.275066666666667	0.0957543152494387
3.97500000000000	0.246443333333333	0.0906354112793547
3.98750000000000	0.135446666666667	0.0671929229077653
4	0.172396666666667	0.0758060390440996