3.3600e-01 6.3988e+06
3.4000e-01 6.2982e+06
3.4400e-01 6.1946e+06
3.4800e-01 6.1461e+06
3.5200e-01 6.0790e+06
3.5600e-01 6.0653e+06
3.6000e-01 6.1058e+06
3.6400e-01 6.0283e+06
3.6800e-01 5.8815e+06
3.7200e-01 5.8571e+06
3.7600e-01 5.8836e+06
3.8000e-01 5.7763e+06
3.8400e-01 5.6662e+06
3.8800e-01 5.6228e+06
3.9200e-01 5.5666e+06
3.9600e-01 5.4674e+06
4.0000e-01 5.4219e+06
4.0400e-01 5.4061e+06
4.0800e-01 5.3053e+06
4.1200e-01 5.2177e+06
4.1600e-01 5.1076e+06
4.2000e-01 4.9738e+06
4.2400e-01 4.8662e+06
4.2800e-01 4.7546e+06
4.3200e-01 4.5905e+06
4.3600e-01 4.4202e+06
4.4000e-01 4.2174e+06
4.4400e-01 3.9928e+06
4.4800e-01 3.7458e+06
4.5200e-01 3.4469e+06
4.5600e-01 3.1764e+06
4.6000e-01 2.8825e+06
4.6400e-01 2.5759e+06
4.6800e-01 2.3028e+06
4.7200e-01 2.0371e+06
4.7600e-01 1.8125e+06
4.8000e-01 1.5947e+06
4.8400e-01 1.4087e+06
4.8800e-01 1.2571e+06
4.9200e-01 1.1234e+06
4.9600e-01 1.0081e+06
5.0000e-01 9.1781e+05
5.0400e-01 8.2877e+05
5.0800e-01 7.4614e+05
5.1200e-01 6.7079e+05
5.1600e-01 6.1300e+05
5.2000e-01 5.5749e+05
5.2400e-01 5.0996e+05
5.2800e-01 4.6682e+05
5.3200e-01 4.2940e+05
5.3600e-01 3.9035e+05
5.4000e-01 3.5893e+05
5.4400e-01 3.2976e+05
5.4800e-01 3.0556e+05
5.5200e-01 2.8677e+05
5.5600e-01 2.6340e+05
5.6000e-01 2.4239e+05
5.6400e-01 2.2003e+05
5.6800e-01 2.0118e+05
5.7200e-01 1.8981e+05
5.7600e-01 1.7741e+05
5.8000e-01 1.6721e+05
5.8400e-01 1.5586e+05
5.8800e-01 1.4140e+05
5.9200e-01 1.2956e+05
5.9600e-01 1.1925e+05
6.0000e-01 1.1233e+05
6.0400e-01 1.0671e+05
6.0800e-01 1.0131e+05
6.1200e-01 9.5276e+04
6.1600e-01 8.7009e+04
6.2000e-01 7.8716e+04
6.2400e-01 7.0589e+04
6.2800e-01 6.5006e+04
6.3200e-01 6.2119e+04
6.3600e-01 6.0398e+04
6.4000e-01 5.8213e+04
6.4400e-01 5.5070e+04
6.4800e-01 5.0696e+04
6.5200e-01 4.5273e+04
6.5600e-01 4.0104e+04
6.6000e-01 3.6702e+04
6.6400e-01 3.4451e+04
6.6800e-01 3.3688e+04
6.7200e-01 3.3389e+04
6.7600e-01 3.2166e+04
6.8000e-01 3.0342e+04
6.8400e-01 2.7292e+04
6.8800e-01 2.3949e+04
6.9200e-01 2.0998e+04
6.9600e-01 1.8952e+04
7.0000e-01 1.8245e+04
7.0400e-01 1.8035e+04
7.0800e-01 1.8148e+04
7.1200e-01 1.7699e+04
7.1600e-01 1.6323e+04
7.2000e-01 1.4373e+04
7.2400e-01 1.2316e+04
7.2800e-01 1.0674e+04
7.3200e-01 9.5358e+03
7.3600e-01 9.0514e+03
7.4000e-01 9.1297e+03
7.4400e-01 9.3812e+03
7.4800e-01 9.2408e+03
7.5200e-01 8.7176e+03
7.5600e-01 7.7247e+03
7.6000e-01 6.4953e+03
7.6400e-01 5.3200e+03
7.6800e-01 4.4858e+03
7.7200e-01 4.1549e+03
7.7600e-01 4.1556e+03
7.8000e-01 4.4274e+03
7.8400e-01 4.6000e+03
7.8800e-01 4.5417e+03
7.9200e-01 4.1291e+03
7.9600e-01 3.4554e+03
8.0000e-01 2.9559e+03
8.0400e-01 2.4832e+03
8.0800e-01 2.1411e+03
8.1200e-01 1.9186e+03
8.1600e-01 1.8678e+03
8.2000e-01 1.8596e+03
8.2400e-01 1.8850e+03
8.2800e-01 1.8355e+03
8.3200e-01 1.6765e+03
8.3600e-01 1.4660e+03
8.4000e-01 1.1957e+03
8.4400e-01 9.4988e+02
8.4800e-01 7.7190e+02
8.5200e-01 6.8291e+02
8.5600e-01 6.6332e+02
8.6000e-01 6.9170e+02
8.6400e-01 7.0148e+02
8.6800e-01 7.2032e+02
8.7200e-01 6.5528e+02
8.7600e-01 5.7406e+02
8.8000e-01 4.5454e+02
8.8400e-01 3.4592e+02
8.8800e-01 2.6361e+02
8.9200e-01 2.0862e+02
8.9600e-01 2.3338e+02
9.0000e-01 2.3116e+02
9.0400e-01 2.5785e+02
9.0800e-01 2.6557e+02
9.1200e-01 2.7103e+02
9.1600e-01 2.3536e+02
9.2000e-01 2.0200e+02
9.2400e-01 1.5160e+02
9.2800e-01 1.3890e+02
9.3200e-01 1.1976e+02
9.3600e-01 9.5164e+01
9.4000e-01 8.2874e+01
9.4400e-01 1.0700e+02
9.4800e-01 9.9348e+01
9.5200e-01 1.0281e+02
9.5600e-01 1.0651e+02
9.6000e-01 1.1627e+02
9.6400e-01 1.2540e+02
9.6800e-01 1.1808e+02
9.7200e-01 1.3961e+02
9.7600e-01 1.2565e+02
9.8000e-01 1.1460e+02
9.8400e-01 9.7997e+01
9.8800e-01 9.2003e+01
9.9200e-01 9.6673e+01
9.9600e-01 9.1121e+01
1.0000e+00 1.3428e+02
1.0040e+00 1.6101e+02
1.0080e+00 1.7029e+02
1.0120e+00 1.9562e+02
1.0160e+00 1.9443e+02
1.0200e+00 2.0236e+02
1.0240e+00 1.8140e+02
1.0280e+00 1.5654e+02
1.0320e+00 1.5705e+02
1.0360e+00 1.7054e+02
1.0400e+00 1.8489e+02
1.0440e+00 2.0814e+02
1.0480e+00 2.3902e+02
1.0520e+00 2.5478e+02
1.0560e+00 2.7519e+02
1.0600e+00 2.6703e+02
1.0640e+00 2.4748e+02
1.0680e+00 2.2071e+02
1.0720e+00 2.0566e+02
1.0760e+00 1.9704e+02
1.0800e+00 2.2122e+02
1.0840e+00 2.2164e+02
1.0880e+00 2.6873e+02
1.0920e+00 3.0323e+02
1.0960e+00 3.0468e+02
1.1000e+00 3.2396e+02
1.1040e+00 3.1327e+02
1.1080e+00 2.7687e+02
1.1120e+00 2.4212e+02
1.1160e+00 2.1766e+02
1.1200e+00 2.1215e+02
1.1240e+00 2.1302e+02
1.1280e+00 2.3482e+02
1.1320e+00 2.7654e+02
1.1360e+00 3.0127e+02
1.1400e+00 3.2856e+02
1.1440e+00 3.3160e+02
1.1480e+00 3.1324e+02
1.1520e+00 3.1038e+02
1.1560e+00 2.5942e+02
1.1600e+00 2.4503e+02
1.1640e+00 2.2670e+02
1.1680e+00 2.3731e+02
1.1720e+00 2.2656e+02
1.1760e+00 2.8099e+02
1.1800e+00 3.1087e+02
1.1840e+00 3.1377e+02
1.1880e+00 3.1418e+02
1.1920e+00 3.1462e+02
1.1960e+00 2.7602e+02
1.2000e+00 2.4261e+02
1.2040e+00 2.4336e+02
1.2080e+00 2.1187e+02
1.2120e+00 2.3449e+02
1.2160e+00 2.3542e+02
1.2200e+00 2.4837e+02
1.2240e+00 2.7105e+02
1.2280e+00 2.7770e+02
1.2320e+00 3.0335e+02
1.2360e+00 2.7812e+02
1.2400e+00 2.4887e+02
1.2440e+00 2.6027e+02
1.2480e+00 2.1949e+02
1.2520e+00 2.2649e+02
1.2560e+00 2.2278e+02
1.2600e+00 2.1277e+02
1.2640e+00 2.3902e+02
1.2680e+00 2.2994e+02
1.2720e+00 2.0782e+02
1.2760e+00 2.2618e+02
1.2800e+00 1.8867e+02
1.2840e+00 1.7439e+02
1.2880e+00 1.7103e+02
1.2920e+00 1.6911e+02
1.2960e+00 1.6932e+02
1.3000e+00 1.6644e+02
1.3040e+00 1.7703e+02
1.3080e+00 1.4485e+02
1.3120e+00 1.6108e+02
1.3160e+00 1.4302e+02
1.3200e+00 1.3724e+02
1.3240e+00 1.3502e+02
1.3280e+00 1.4912e+02
1.3320e+00 1.3764e+02
1.3360e+00 1.2098e+02
1.3400e+00 1.1079e+02
1.3440e+00 1.1040e+02
1.3480e+00 1.0513e+02
1.3520e+00 1.0393e+02
1.3560e+00 1.0328e+02
1.3600e+00 1.0456e+02
1.3640e+00 1.0975e+02
1.3680e+00 8.6021e+01
1.3720e+00 9.6785e+01
1.3760e+00 9.6380e+01
1.3800e+00 7.6606e+01
1.3840e+00 1.0414e+02
1.3880e+00 7.9902e+01
1.3920e+00 1.0671e+02
1.3960e+00 9.9237e+01
1.4000e+00 7.6837e+01
1.4040e+00 1.0376e+02
1.4080e+00 7.1199e+01
1.4120e+00 7.4696e+01
1.4160e+00 6.7211e+01
1.4200e+00 6.9501e+01
1.4240e+00 6.8389e+01
1.4280e+00 5.5750e+01
1.4320e+00 6.0334e+01
1.4360e+00 5.5291e+01
1.4400e+00 5.8901e+01
1.4440e+00 6.8717e+01
1.4480e+00 5.8956e+01
1.4520e+00 6.1561e+01
1.4560e+00 5.6362e+01
1.4600e+00 5.7926e+01
1.4640e+00 6.3926e+01
1.4680e+00 5.1645e+01
1.4720e+00 5.1479e+01
