0 1.3906e+06
0.003 3.0045e+06
0.006 3.4263e+06
0.009 2.2443e+06
0.012 8.716e+05
0.015 4.008e+05
0.018 2.5345e+05
0.021 2.1092e+05
0.024 2.1144e+05
0.027 2.2985e+05
0.03 2.5323e+05
0.033 2.8091e+05
0.036 3.0707e+05
0.039 3.3664e+05
0.042 3.631e+05
0.045 3.9207e+05
0.048 4.1979e+05
0.051 4.4954e+05
0.054 4.7626e+05
0.057 5.0545e+05
0.06 5.3386e+05
0.063 5.6227e+05
0.066 5.9138e+05
0.069 6.1776e+05
0.072 6.4679e+05
0.075 6.7603e+05
0.078 7.0394e+05
0.081 7.3136e+05
0.084 7.5927e+05
0.087 7.8448e+05
0.09 8.1517e+05
0.093 8.404e+05
0.096 8.6855e+05
0.099 8.984e+05
0.102 9.2323e+05
0.105 9.524e+05
0.108 9.7733e+05
0.111 1.0069e+06
0.114 1.0317e+06
0.117 1.0595e+06
0.12 1.0879e+06
0.123 1.1149e+06
0.126 1.145e+06
0.129 1.1676e+06
0.132 1.195e+06
0.135 1.2221e+06
0.138 1.2493e+06
0.141 1.279e+06
0.144 1.3015e+06
0.147 1.3296e+06
0.15 1.3568e+06
0.153 1.3829e+06
0.156 1.4078e+06
0.159 1.4365e+06
0.162 1.4591e+06
0.165 1.4864e+06
0.168 1.5113e+06
0.171 1.5362e+06
0.174 1.5619e+06
0.177 1.5892e+06
0.18 1.6145e+06
0.183 1.6388e+06
0.186 1.6646e+06
0.189 1.6904e+06
0.192 1.7114e+06
0.195 1.7387e+06
0.198 1.7633e+06
0.201 1.7864e+06
0.204 1.8115e+06
0.207 1.8366e+06
0.21 1.8568e+06
0.213 1.8856e+06
0.216 1.9066e+06
0.219 1.9299e+06
0.222 1.9563e+06
0.225 1.9767e+06
0.228 1.9998e+06
0.231 2.0268e+06
0.234 2.0461e+06
0.237 2.0682e+06
0.24 2.0914e+06
0.243 2.1105e+06
0.246 2.1367e+06
0.249 2.1626e+06
0.252 2.1788e+06
0.255 2.201e+06
0.258 2.2222e+06
0.261 2.2401e+06
0.264 2.2595e+06
0.267 2.2824e+06
0.27 2.3021e+06
0.273 2.3178e+06
0.276 2.338e+06
0.279 2.3589e+06
0.282 2.3756e+06
0.285 2.3934e+06
0.288 2.4094e+06
0.291 2.4282e+06
0.294 2.4379e+06
0.297 2.4621e+06
0.3 2.4733e+06
0.303 2.4839e+06
0.306 2.4996e+06
0.309 2.5104e+06
0.312 2.518e+06
0.315 2.5254e+06
0.318 2.5347e+06
0.321 2.5403e+06
0.324 2.5464e+06
0.327 2.5413e+06
0.33 2.538e+06
0.333 2.5303e+06
0.336 2.5108e+06
0.339 2.4877e+06
0.342 2.4556e+06
0.345 2.4084e+06
0.348 2.332e+06
0.351 2.2313e+06
0.354 2.0998e+06
0.357 1.9322e+06
0.36 1.752e+06
0.363 1.5677e+06
0.366 1.4e+06
0.369 1.2575e+06
0.372 1.1405e+06
0.375 1.0411e+06
0.378 9.5131e+05
0.381 8.8125e+05
0.384 8.1609e+05
0.387 7.6304e+05
0.39 7.1482e+05
0.393 6.744e+05
0.396 6.3769e+05
0.399 6.0195e+05
0.402 5.714e+05
0.405 5.4413e+05
0.408 5.186e+05
0.411 4.9426e+05
0.414 4.7597e+05
0.417 4.5607e+05
0.42 4.3803e+05
0.423 4.2262e+05
0.426 4.0771e+05
0.429 3.9373e+05
0.432 3.8166e+05
0.435 3.7156e+05
0.438 3.598e+05
0.441 3.5089e+05
0.444 3.417e+05
0.447 3.3395e+05
0.45 3.2609e+05
0.453 3.2071e+05
0.456 3.1409e+05
0.459 3.0978e+05
0.462 3.047e+05
0.465 3.0014e+05
0.468 2.9635e+05
0.471 2.9386e+05
0.474 2.9218e+05
0.477 2.9065e+05
0.48 2.8862e+05
0.483 2.8955e+05
0.486 2.8949e+05
0.489 2.901e+05
0.492 2.9281e+05
0.495 2.9681e+05
0.498 2.9995e+05
0.501 3.0543e+05
0.504 3.1174e+05
0.507 3.2116e+05
0.51 3.2991e+05
0.513 3.4166e+05
0.516 3.5589e+05
0.519 3.7263e+05
0.522 3.9332e+05
0.525 4.198e+05
0.528 4.512e+05
0.531 4.8786e+05
0.534 5.3227e+05
0.537 5.9137e+05
0.54 6.6979e+05
0.543 7.7922e+05
0.546 9.3474e+05
0.549 1.1396e+06
0.552 1.4123e+06
0.555 1.731e+06
0.558 2.0608e+06
0.561 2.3478e+06
0.564 2.5676e+06
0.567 2.7105e+06
0.57 2.7925e+06
0.573 2.8272e+06
0.576 2.8167e+06
0.579 2.7537e+06
0.582 2.6281e+06
0.585 2.3931e+06
0.588 2.0361e+06
0.591 1.5747e+06
0.594 1.1057e+06
0.597 7.3933e+05
0.6 5.0684e+05
0.603 3.6423e+05
0.606 2.7303e+05
0.609 2.1152e+05
0.612 1.6627e+05
0.615 1.3166e+05
0.618 1.0801e+05
0.621 90577
0.624 77107
0.627 66804
0.63 58630
0.633 52071
0.636 45519
0.639 40678
0.642 36350
0.645 32827
0.648 30273
0.65 28427
0.653 26126
0.656 24118
0.659 22393
0.662 20754
0.665 19331
0.668 18087
0.671 16909
0.674 15975
0.677 15108
0.68 14275
0.683 13521
0.686 12804
0.689 12182
0.692 11633
0.695 11186
0.698 10753
0.701 10290
0.704 9840.4
0.707 9449.5
0.71 9082.7
0.713 8728.5
0.716 8464
0.719 8125.7
0.722 7872
0.725 7607.4
0.728 7371.2
0.731 7122.8
0.734 6952.9
0.737 6763
0.74 6565.2
0.743 6369.3
0.746 6211.3
0.749 5988.8
0.752 5847.2
0.755 5706.2
0.758 5465.1
0.761 5366.2
0.764 5226.8
0.767 5077.7
0.77 4964.6
0.773 4823.8
0.776 4702.6
0.779 4594.8
0.782 4470.1
0.785 4324.6
0.788 4201
0.791 4079
0.794 3987.8
0.797 3880.4
0.8 3835
0.803 3754.7
0.806 3659.8
0.809 3570.1
0.812 3503.5
0.815 3434.5
0.818 3357.8
0.821 3291.4
0.824 3212.9
0.827 3144.4
0.83 3048.4
0.833 2952
0.836 2899.8
0.839 2803
0.842 2730.4
0.845 2690.7
0.848 2610.1
0.851 2553.7
0.854 2524.5
0.857 2426.8
0.86 2365.5
0.863 2320.7
0.866 2267.2
0.869 2189.8
0.872 2153.5
0.875 2092.2
0.878 2045.6
0.881 1982.8
0.884 1936.9
0.887 1902.4
0.89 1812.9
0.893 1780.3
0.896 1738.1
0.899 1689.6
0.902 1614.8
0.905 1566.6
0.908 1529.9
0.911 1472.8
0.914 1447.8
0.917 1396.8
0.92 1363.2
0.923 1314.4
0.926 1275.1
0.929 1208.1
0.932 1125.2
0.935 1081.2
0.938 1032.4
0.941 1017.8
0.944 1002.4
0.947 1125.6
0.95 1482.2
0.953 2433.4
0.956 4367.5
0.959 7563.4
0.962 11236
0.965 12942
0.968 10671
0.971 6429.5
0.974 3994.4
0.977 3136
0.98 2595.7
0.983 2274.5
0.986 2058.9
0.989 1884.3
0.992 1746.7
0.995 1638.2
0.998 1585.4
1.001 1490.5
1.004 1416
1.007 1360.9
1.01 1308.3
1.013 1250.7
1.016 1229.7
1.019 1177.4
1.022 1161.6
1.025 1107.8
1.028 1076.4
1.031 1054.7
1.034 1011.6
1.037 984.32
1.04 996.93
1.043 952.82
1.046 937.82
1.049 913.88
1.052 895.42
1.055 867.49
1.058 863.93
1.061 841.78
1.064 819.62
1.067 806.53
1.07 778.04
1.073 763.49
1.076 769.74
1.079 756.49
1.082 727.84
1.085 713.96
1.088 699.99
1.091 683.96
1.094 662.96
1.097 649.26
1.1 641.67
1.103 651.6
1.106 636.07
1.109 630.48
1.112 622.22
1.115 610.48
1.118 601.21
1.121 600.71
1.124 587.39
1.127 562.81
1.13 545.22
1.133 546.07
1.136 537.15
1.139 531.13
1.142 516.78
1.145 512.71
1.148 498.49
1.151 496.71
1.154 487.1
1.157 479.92
1.16 484.68
1.163 470.85
1.166 459.78
1.169 466.98
1.172 464.02
1.175 452.17
1.178 461.89
1.181 444.16
1.184 445.38
1.187 433.11
1.19 431.64
1.193 430.85
1.196 425.19
1.199 430.38
1.202 419.01
1.205 419.98
1.208 418.8
1.211 412.7
1.214 408.4
1.217 402.94
1.22 404.62
1.223 399.28
1.226 407.51
1.229 399.78
1.232 394.8
1.235 398.97
1.238 404.95
1.241 406.91
1.244 406.57
1.247 398.04
1.25 405.89
1.253 401.68
1.256 414.42
1.259 410.85
1.262 404.35
1.265 418.31
1.268 420.76
1.271 417.6
1.274 423.39
1.277 434.2
1.28 432.76
1.283 437.37
1.286 451.8
1.289 468.93
1.292 468.96
1.295 482.98
1.298 505.65
1.301 529.72
1.304 545.26
1.307 566.57
1.31 573.52
1.313 601.3
1.316 604.75
1.319 638.01
1.322 679.97
1.325 715.54
1.328 789.75
1.331 847.1
1.334 897.58
1.337 963.59
1.34 1022
1.343 1034.6
1.346 1104.2
1.349 1244.8
1.352 1449.4
1.355 1762.4
1.358 2162
1.361 2729.5
1.364 3620.2
1.367 5154
1.37 8244.5
1.373 14726
1.376 27325
1.379 47891
1.382 73544
1.385 92438
1.388 89001
1.391 59985
1.394 24650
1.397 8439.6
1.4 6226.1
1.403 3615.4
1.406 2799
1.409 1910.1
1.412 1557.1
1.415 1112.4
1.418 909.92
1.421 691.27
1.424 535.96
1.425 475.66
1.429 326.34
1.433 225.83
1.437 166.89
1.441 122.25
1.445 103.46
1.449 93.71
1.453 76.175
1.457 63.13
1.461 49.574
1.465 41.282
1.469 35.739
1.473 33.081
1.477 29.99
1.481 25.553
1.485 23.588
1.489 21.63
1.493 19.121
1.497 18.377
1.501 16.125
1.505 15.074
1.509 12.979
1.513 12.04
1.517 11.672
1.521 12.337
1.525 11.175
1.529 11.582
1.533 9.388
1.537 10.671
1.541 8.5334
1.545 9.2605
1.549 8.33
1.553 9.3459
1.557 9.0906
1.561 8.3896
1.565 9.0142
1.569 8.8967
1.573 9.5414
1.577 8.5942
1.581 8.3432
1.585 8.5328
1.589 8.5375
1.593 8.8463
1.597 8.0307
1.601 8.0438
1.605 7.6913
1.609 8.4676
1.613 7.4651
1.617 7.3658
1.621 7.4082
1.625 6.7252
1.629 7.1345
1.633 7.5473
1.637 7.7833
1.641 6.9693
1.645 7.783
1.649 7.1482
1.653 7.3372
1.657 8.0111
1.661 7.6753
1.665 7.4825
1.669 6.7484
1.673 6.6392
1.677 6.8567
1.681 6.1111
1.685 6.1754
1.689 6.798
1.693 6.4347
1.697 6.5322
1.701 6.1599
1.705 6.4073
1.709 5.8213
1.713 5.1154
1.717 5.3381
1.721 6.44
1.725 4.7031
1.729 4.9234
1.733 4.8399
1.737 4.866
1.741 5.3615
1.745 5.127
1.749 5.2785
1.753 4.9244
1.757 4.0899
1.761 4.1764
1.765 4.8925
1.769 4.8384
1.773 4.808
1.777 5.1126
1.781 4.603
1.785 4.9012
1.789 6.1867
1.793 8.9786
1.797 15.372
1.801 32.619
1.805 93.588
1.809 263.57
1.813 600.55
1.817 1009.2
1.821 1043.7
1.825 596.46
1.829 204.49
1.833 130.94
1.837 83.798
1.841 65.759
1.845 50.015
1.849 40.046
1.853 36.415
1.857 29.922
1.861 26.59
1.865 22.591
1.869 20.483
1.873 20.375
1.877 18.111
1.881 18.213
1.885 16.793
1.889 15.878
1.893 14.25
1.897 13.501
1.901 14.509
1.905 12.955
1.909 13.745
1.913 12.973
1.917 12.384
1.921 11.914
1.925 11.772
1.929 11.353
1.933 11.163
1.937 12.224
1.941 11.682
1.945 10.751
1.949 10.253
1.953 10.498
1.957 10.703
1.961 10.276
1.965 10.692
1.969 10.724
1.973 10.337
1.977 9.8036
1.981 10.908
1.985 10.281
1.989 10.074
1.993 8.9399
1.997 9.0274
2.001 8.7742
2.005 9.3576
2.009 9.0614
2.013 9.0289
2.017 9.2242
2.021 8.8571
2.025 10.296
2.029 9.0105
2.033 9.1559
2.037 8.9866
2.041 8.909
2.045 8.8435
2.049 9.5856
2.053 9.6255
2.057 10.215
2.061 8.6876
2.065 8.659
2.069 8.9268
2.073 8.5964
2.077 9.1664
2.081 9.1799
2.085 8.8428
2.089 8.7356
2.093 8.9827
2.097 7.6061
2.101 8.9738
2.105 9.5211
2.109 9.3302
2.113 9.2589
2.117 9.5374
2.121 9.1561
2.125 9.9354
2.129 9.5969
2.133 9.9708
2.137 9.0707
2.141 9.9105
2.145 9.0298
2.149 8.9091
2.153 9.8603
2.157 9.8578
2.161 10.339
2.165 11.412
2.169 11.457
2.173 12.374
2.177 11.525
2.181 12.282
2.185 12.835
2.189 12.737
2.193 15.093
2.197 14.918
2.201 15.97
2.205 17.385
2.209 17.067
2.213 18.308
2.217 21.194
2.221 26.097
2.225 31.951
2.229 43.889
2.233 57.765
2.237 91.641
2.241 175.93
2.245 412.97
2.249 923.4
2.253 1558.9
2.257 1750.7
2.261 1204.9
2.265 531.67
2.269 258.48
2.273 172.05
2.277 116.82
2.281 78.491
2.285 63.326
2.289 55.555
2.293 53.812
2.297 56.959
2.3 51.385
2.305 41.131
2.31 31.585
2.315 24.247
2.32 17.353
2.325 11.791
2.33 8.5614
2.335 6.6886
2.34 4.9892
2.345 3.7032
2.35 3.4888
2.355 2.9323
2.36 2.4335
2.365 2.3999
2.37 2.1204
2.375 1.8983
2.38 1.8412
2.385 1.9164
2.39 1.7552
2.395 2.1097
2.4 1.7686
2.405 1.8412
2.41 1.9012
2.415 1.9897
2.42 1.9712
2.425 1.8842
2.43 2.064
2.435 1.8846
2.44 1.7244
2.445 1.8734
2.45 2.0531
2.455 1.6962
2.46 1.7798
2.465 1.8436
2.47 1.5397
2.475 2.2471
2.48 1.8948
2.485 1.9677
2.49 1.6953
2.495 1.9659
2.5 1.6954
2.505 1.6367
2.51 1.7902
2.515 1.84
2.52 1.8445
2.525 1.9452
2.53 1.9658
2.535 2.1356
2.54 2.0476
2.545 2.0807
2.55 1.9084
2.555 1.9558
2.56 2.0023
2.565 1.8732
2.57 1.743
2.575 1.9468
2.58 2.2131
2.585 2.0182
2.59 1.9197
2.595 2.3943
2.6 2.1755
2.605 2.3576
2.61 2.3049
2.615 2.3218
2.62 2.1714
2.625 2.5901
2.63 2.7354
2.635 2.713
2.64 3.3427
2.645 3.2356
2.65 2.8143
2.655 3.5813
2.66 3.9725
2.665 5.0565
2.67 6.5564
2.675 8.9668
2.68 17.747
2.685 45.095
2.69 101.77
2.695 146.68
2.7 111.84
2.705 49.977
2.71 21.522
2.715 12.99
2.72 8.8204
2.725 5.9045
2.73 4.3601
2.735 3.9539
2.74 4.8028
2.745 4.4159
2.75 3.5464
2.755 2.4064
2.76 2.4648
2.765 1.9277
2.77 1.3843
2.775 1.0826
2.78 0.87079
2.785 0.78136
2.79 0.84009
2.795 0.90536
2.8 0.66536
2.805 0.73551
2.81 0.68357
2.815 0.57544
2.82 0.55361
2.825 0.61577
2.83 0.57138
2.835 0.68818
2.84 0.7999
2.845 0.6481
2.85 0.49995
2.855 0.64467
2.86 0.5431
2.865 0.53786
2.87 0.56645
2.875 0.69766
2.88 0.37717
2.885 0.488
2.89 0.48998
2.895 0.63202
2.9 0.44594
2.905 0.45723
2.91 0.47987
2.915 0.52041
2.92 0.51975
2.925 0.46665
2.93 0.41529
2.935 0.45772
2.94 0.45022
2.945 0.38184
2.95 0.60249
2.955 0.35145
2.96 0.38674
2.965 0.47611
2.97 0.42917
2.975 0.4273
2.98 0.36626
2.985 0.35334
2.99 0.38702
2.995 0.50854
3 0.43545
3.005 0.41892
3.01 0.37568
3.015 0.40388
3.02 0.37375
3.025 0.4167
3.03 0.3953
3.035 0.42679
3.04 0.3111
3.045 0.38528
3.05 0.36246
3.055 0.29319
3.06 0.39392
3.065 0.31238
3.07 0.31256
3.075 0.31145
3.08 0.30269
3.085 0.40577
3.09 0.33476
3.095 0.35431
3.1 0.40933
3.105 0.47717
3.11 0.59302
3.115 1.1756
3.12 3.1209
3.125 10.536
3.13 31.546
3.135 61.921
3.14 66.39
3.145 42.574
3.15 23.404
3.155 16.552
3.16 10.506
3.165 7.4546
3.17 7.3983
3.175 6.8902
3.18 6.03
3.185 3.9151
3.19 2.9371
3.195 3.3413
3.2 3.4346
3.205 4.1004
3.21 4.2447
3.215 3.9546
3.22 3.4622
3.225 2.818
3.23 2.1262
3.235 1.7039
3.24 1.859
3.245 1.1731
3.25 1.0745
3.255 0.99772
3.26 0.84637
3.265 0.81692
3.27 0.5215
3.275 0.45793
3.28 0.50409
3.285 0.6224
3.29 0.58211
3.295 0.47004
3.3 0.4879
3.305 0.3549
3.31 0.35357
3.315 0.27938
3.32 0.40575
3.325 0.3635
3.33 0.32419
3.335 0.35549
3.34 0.32135
3.345 0.34996
3.35 0.34345
3.355 0.39381
3.36 0.25851
3.365 0.34312
3.37 0.48057
3.375 0.31388
3.38 0.2795
3.385 0.31074
3.39 0.3016
3.395 0.3547
3.4 0.32291
3.405 0.31233
3.41 0.34203
3.415 0.26284
3.42 0.28143
3.425 0.38334
3.43 0.38405
3.435 0.31259
3.44 0.33214
3.445 0.40656
3.45 0.34157
3.455 0.33324
3.46 0.27122
3.465 0.35265
3.47 0.29103
3.475 0.36373
3.48 0.31085
3.485 0.32358
3.49 0.37437
3.495 0.31171
3.5 0.28049
3.505 0.44618
3.51 0.41693
3.515 0.45752
3.52 0.39743
3.525 0.46923
3.53 0.39432
3.535 0.42779
3.54 0.55492
3.545 0.67445
3.55 0.89585
3.555 1.1818
3.56 2.0464
3.565 4.7394
3.57 12.985
3.575 26.411
3.58 33.747
3.585 27.704
3.59 17.382
3.595 9.9285
3.6 8.1507
3.605 5.8947
3.61 3.8171
3.615 3.0555
3.62 2.7975
3.625 3.0673
3.63 2.3263
3.635 2.1512
3.64 1.8826
3.645 1.7117
3.65 1.58
3.655 1.6589
3.66 1.7584
3.665 1.6872
3.67 1.3001
3.675 1.2929
3.68 1.3382
3.685 0.9578
3.69 0.657
3.695 0.56014
3.7 0.4688
3.705 0.36334
3.71 0.33405
3.715 0.30234
3.72 0.34207
3.725 0.19846
3.73 0.23995
3.735 0.17474
3.74 0.15511
3.745 0.26897
3.75 0.11483
3.755 0.10487
3.76 0.13511
3.765 0.13473
3.77 0.11447
3.775 0.14677
3.78 0.19612
3.785 0.1568
3.79 0.17574
3.795 0.17693
3.8 0.11563
3.805 0.11371
3.81 0.13572
3.815 0.10489
3.82 0.13581
3.825 0.18923
3.83 0.12515
3.835 0.093977
3.84 0.13491
3.845 0.13621
3.85 0.15564
3.855 0.13482
3.86 0.083377
3.865 0.1658
3.87 0.072216
3.875 0.11505
3.88 0.10339
3.885 0.12413
3.89 0.12551
3.895 0.10337
3.9 0.1351
3.905 0.14543
3.91 0.10408
3.915 0.2293
3.92 0.19683
3.925 0.14531
3.93 0.13583
3.935 0.13545
3.94 0.14531
3.945 0.16628
3.95 0.13524
3.955 0.15623
3.96 0.13459
3.965 0.17671
3.97 0.1774
3.975 0.1255
3.98 0.17862
3.985 0.22852
3.99 0.27095
3.995 0.43084
4 0.52973
4.005 1.0273
4.01 1.9707
4.015 4.0597
4.02 7.2722
4.025 6.5194
4.03 5.0998
4.035 3.6554
4.04 2.2374
4.045 2.0473
4.05 1.5922
4.055 1.2379
4.06 1.1122
4.065 0.88382
4.07 0.82005
4.075 0.62286
4.08 0.90498
4.085 0.67744
4.09 0.71098
4.095 0.50021
4.1 0.49775
4.105 0.43656
4.11 0.44743
4.115 0.33214
4.12 0.40928
4.125 0.48875
4.13 0.3427
4.135 0.54341
4.14 0.3953
4.145 0.43587
4.15 0.35481
4.155 0.47129
4.16 0.34473
4.165 0.32173
4.17 0.32144
4.175 0.37155
4.18 0.19861
4.185 0.21881
4.19 0.21064
4.195 0.16512
4.2 0.16663
4.205 0.15607
4.21 0.14496
4.215 0.093182
4.22 0.10354
4.225 0.11492
4.23 0.13581
4.235 0.13586
4.24 0.12493
4.245 0.19953
4.25 0.052476
4.255 0.10525
4.26 0.081925
4.265 0.081541
4.27 0.031964
4.275 0.13537
4.28 0.16778
4.285 0.06298
4.29 0.062859
4.295 0.13588
4.3 0.094452
4.305 0.1866
4.31 0.10275
4.315 0.07275
4.32 0.062654
4.325 0.071905
4.33 0.052597
4.335 0.12415
4.34 0.1034
4.345 0.13462
4.35 0.095122
4.355 0.12349
4.36 0.10309
4.365 0.14667
4.37 0.10345
4.375 0.14422
4.38 0.051884
4.385 0.12591
4.39 0.063185
4.395 0.082663
4.4 0.12566
4.405 0.083983
4.41 0.16848
4.415 0.12488
4.42 0.16462
4.425 0.13512
4.43 0.062218
4.435 0.18746
4.44 0.1347
4.445 0.21819
4.45 0.39478
4.455 0.59278
4.46 1.1654
4.465 1.6785
4.47 1.2716
4.475 1.361
4.48 0.97521
4.485 0.74817
4.49 0.68764
4.495 0.58259
4.5 0.54019
4.505 0.40523
4.51 0.363
4.515 0.22662
4.52 0.23804
4.525 0.22814
4.53 0.31004
4.535 0.33253
4.54 0.25903
4.545 0.21858
4.55 0.14724
4.555 0.1355
4.56 0.1548
4.565 0.17516
4.57 0.25033
4.575 0.11472
4.58 0.25058
4.585 0.23884
4.59 0.16543
4.595 0.22024
4.6 0.11426
4.605 0.12482
4.61 0.083737
4.615 0.083173
4.62 0.15409
4.625 0.092995
4.63 0.062977
4.635 0.072819
4.64 0.12423
4.645 0.062592
4.65 0.061586
4.655 0.10461
4.66 0.06195
4.665 0.084625
4.67 0.053369
4.675 0.062952
4.68 0.05267
4.685 0.11522
4.69 0.072769
4.695 0.031534
4.7 0.091986
4.705 0.042351
4.71 0.062105
4.715 0.082823
4.72 0.09259
4.725 0.082795
4.73 0.040914
4.735 0.093805
4.74 0.052355
4.745 0.063416
4.75 0.083213
4.755 0.031443
4.76 0.10379
4.765 0.094699
4.77 0.1043
4.775 0.093259
4.78 0.041491
4.785 0.063199
4.79 0.073015
4.795 0.093055
4.8 0.10544
4.805 0.051973
4.81 0.05269
4.815 0.092604
4.82 0.052573
4.825 0.1453
4.83 0.062063
4.835 0.061659
4.84 0.085129
4.845 0.11526
4.85 0.093592
4.855 0.10462
4.86 0.16507
4.865 0.11429
4.87 0.093551
4.875 0.11597
4.88 0.15496
4.885 0.11557
4.89 0.28026
4.895 0.37346
4.9 0.44682
4.905 0.70788
4.91 0.85668
4.915 0.82241
4.92 0.74727
4.925 0.71652
4.93 0.51007
4.935 0.34415
4.94 0.26133
4.945 0.28274
4.95 0.24799
4.955 0.19759
4.96 0.16797
4.965 0.15697
4.97 0.17536
4.975 0.17706
4.98 0.12602
4.985 0.074247
4.99 0.15444
4.995 0.15656
5 0.18716
