3.3600e-01 6.4898e+06
3.4000e-01 6.3712e+06
3.4400e-01 6.1939e+06
3.4800e-01 6.1825e+06
3.5200e-01 6.0958e+06
3.5600e-01 6.0181e+06
3.6000e-01 6.1322e+06
3.6400e-01 6.1201e+06
3.6800e-01 5.8907e+06
3.7200e-01 5.8056e+06
3.7600e-01 5.9448e+06
3.8000e-01 5.8339e+06
3.8400e-01 5.6717e+06
3.8800e-01 5.6312e+06
3.9200e-01 5.6262e+06
3.9600e-01 5.4794e+06
4.0000e-01 5.4094e+06
4.0400e-01 5.5008e+06
4.0800e-01 5.2930e+06
4.1200e-01 5.3029e+06
4.1600e-01 5.1680e+06
4.2000e-01 4.9759e+06
4.2400e-01 4.9192e+06
4.2800e-01 4.8401e+06
4.3200e-01 4.6514e+06
4.3600e-01 4.5104e+06
4.4000e-01 4.2895e+06
4.4400e-01 4.1188e+06
4.4800e-01 3.8778e+06
4.5200e-01 3.5134e+06
4.5600e-01 3.3223e+06
4.6000e-01 3.0001e+06
4.6400e-01 2.6704e+06
4.6800e-01 2.4008e+06
4.7200e-01 2.1042e+06
4.7600e-01 1.9110e+06
4.8000e-01 1.6426e+06
4.8400e-01 1.4553e+06
4.8800e-01 1.3101e+06
4.9200e-01 1.1561e+06
4.9600e-01 1.0287e+06
5.0000e-01 9.5642e+05
5.0400e-01 8.6093e+05
5.0800e-01 7.7065e+05
5.1200e-01 6.8399e+05
5.1600e-01 6.3759e+05
5.2000e-01 5.7095e+05
5.2400e-01 5.2408e+05
5.2800e-01 4.7998e+05
5.3200e-01 4.4582e+05
5.3600e-01 3.9879e+05
5.4000e-01 3.6844e+05
5.4400e-01 3.3577e+05
5.4800e-01 3.0818e+05
5.5200e-01 2.9884e+05
5.5600e-01 2.7164e+05
5.6000e-01 2.5232e+05
5.6400e-01 2.2548e+05
5.6800e-01 2.0005e+05
5.7200e-01 1.9469e+05
5.7600e-01 1.8002e+05
5.8000e-01 1.7211e+05
5.8400e-01 1.6453e+05
5.8800e-01 1.4474e+05
5.9200e-01 1.3227e+05
5.9600e-01 1.1993e+05
6.0000e-01 1.1315e+05
6.0400e-01 1.0822e+05
6.0800e-01 1.0398e+05
6.1200e-01 1.0021e+05
6.1600e-01 9.0755e+04
6.2000e-01 8.2171e+04
6.2400e-01 7.1053e+04
6.2800e-01 6.3918e+04
6.3200e-01 6.1620e+04
6.3600e-01 6.1388e+04
6.4000e-01 5.9982e+04
6.4400e-01 5.7716e+04
6.4800e-01 5.3863e+04
6.5200e-01 4.7347e+04
6.5600e-01 4.0295e+04
6.6000e-01 3.6704e+04
6.6400e-01 3.3498e+04
6.6800e-01 3.3254e+04
6.7200e-01 3.4361e+04
6.7600e-01 3.3289e+04
6.8000e-01 3.2478e+04
6.8400e-01 2.9004e+04
6.8800e-01 2.4992e+04
6.9200e-01 2.1203e+04
6.9600e-01 1.8236e+04
7.0000e-01 1.7819e+04
7.0400e-01 1.7594e+04
7.0800e-01 1.8611e+04
7.1200e-01 1.8934e+04
7.1600e-01 1.7596e+04
7.2000e-01 1.5331e+04
7.2400e-01 1.2733e+04
7.2800e-01 1.0815e+04
7.3200e-01 9.2600e+03
7.3600e-01 8.5264e+03
7.4000e-01 8.8117e+03
7.4400e-01 9.6513e+03
7.4800e-01 9.7029e+03
7.5200e-01 9.4570e+03
7.5600e-01 8.4402e+03
7.6000e-01 6.9893e+03
7.6400e-01 5.4439e+03
7.6800e-01 4.2665e+03
7.7200e-01 3.8838e+03
7.7600e-01 3.8039e+03
7.8000e-01 4.3711e+03
7.8400e-01 4.7668e+03
7.8800e-01 4.9469e+03
7.9200e-01 4.5110e+03
7.9600e-01 3.9862e+03
8.0000e-01 2.9736e+03
8.0400e-01 2.1847e+03
8.0800e-01 1.6604e+03
8.1200e-01 1.4332e+03
8.1600e-01 1.6613e+03
8.2000e-01 1.9036e+03
8.2400e-01 2.2465e+03
8.2800e-01 2.2513e+03
8.3200e-01 2.0500e+03
8.3600e-01 1.7048e+03
8.4000e-01 1.1638e+03
8.4400e-01 7.8163e+02
8.4800e-01 5.2915e+02
8.5200e-01 4.5326e+02
8.5600e-01 5.1827e+02
8.6000e-01 6.8867e+02
8.6400e-01 8.3050e+02
8.6800e-01 9.7211e+02
8.7200e-01 8.2606e+02
8.7600e-01 7.1836e+02
8.8000e-01 4.3912e+02
8.8400e-01 2.5301e+02
8.8800e-01 1.2391e+02
8.9200e-01 1.0422e+02
8.9600e-01 2.0987e+02
9.0000e-01 1.7816e+02
9.0400e-01 3.3792e+02
9.0800e-01 3.4539e+02
9.1200e-01 3.4330e+02
9.1600e-01 2.4058e+02
9.2000e-01 2.1942e+02
9.2400e-01 1.4523e+02
9.2800e-01 1.4976e+02
9.3200e-01 4.9251e+01
9.3600e-01 4.6287e+01
9.4000e-01 1.1460e+02
9.4400e-01 1.6076e+02
9.4800e-01 6.9067e+01
9.5200e-01 9.9956e+01
9.5600e-01 8.0615e+01
9.6000e-01 8.9153e+01
9.6400e-01 1.0620e+02
9.6800e-01 1.3942e+02
9.7200e-01 2.1798e+02
9.7600e-01 1.3161e+02
9.8000e-01 1.3701e+02
9.8400e-01 8.7780e+01
9.8800e-01 6.4236e+01
9.9200e-01 3.9203e+01
9.9600e-01 3.9713e+01
1.0000e+00 1.4844e+02
1.0040e+00 1.1297e+02
1.0080e+00 1.7650e+02
1.0120e+00 2.7372e+02
1.0160e+00 2.3897e+02
1.0200e+00 2.3778e+02
1.0240e+00 1.5077e+02
1.0280e+00 1.4078e+02
1.0320e+00 1.5517e+02
1.0360e+00 1.2631e+02
1.0400e+00 1.0747e+02
1.0440e+00 1.7069e+02
1.0480e+00 2.4319e+02
1.0520e+00 3.0043e+02
1.0560e+00 3.6656e+02
1.0600e+00 3.1590e+02
1.0640e+00 2.7215e+02
1.0680e+00 2.0072e+02
1.0720e+00 1.7507e+02
1.0760e+00 1.3403e+02
1.0800e+00 1.5932e+02
1.0840e+00 1.4933e+02
1.0880e+00 2.7272e+02
1.0920e+00 3.0440e+02
1.0960e+00 3.5684e+02
1.1000e+00 4.6339e+02
1.1040e+00 3.6231e+02
1.1080e+00 2.9656e+02
1.1120e+00 2.4555e+02
1.1160e+00 1.5738e+02
1.1200e+00 1.3299e+02
1.1240e+00 1.2547e+02
1.1280e+00 1.9277e+02
1.1320e+00 2.8343e+02
1.1360e+00 3.1831e+02
1.1400e+00 3.7940e+02
1.1440e+00 3.9554e+02
1.1480e+00 3.6652e+02
1.1520e+00 3.8468e+02
1.1560e+00 2.3022e+02
1.1600e+00 2.5669e+02
1.1640e+00 1.2781e+02
1.1680e+00 1.3817e+02
1.1720e+00 1.7092e+02
1.1760e+00 3.1237e+02
1.1800e+00 3.0706e+02
1.1840e+00 3.6111e+02
1.1880e+00 4.3310e+02
1.1920e+00 3.8004e+02
1.1960e+00 2.8665e+02
1.2000e+00 2.1766e+02
1.2040e+00 1.8928e+02
1.2080e+00 1.2301e+02
1.2120e+00 1.8766e+02
1.2160e+00 1.5729e+02
1.2200e+00 2.3734e+02
1.2240e+00 2.7279e+02
1.2280e+00 4.0874e+02
1.2320e+00 4.2334e+02
1.2360e+00 3.0368e+02
1.2400e+00 2.5242e+02
1.2440e+00 2.0517e+02
1.2480e+00 1.6194e+02
1.2520e+00 1.9255e+02
1.2560e+00 1.3208e+02
1.2600e+00 2.5944e+02
1.2640e+00 3.1799e+02
1.2680e+00 2.6669e+02
1.2720e+00 2.7691e+02
1.2760e+00 2.5452e+02
1.2800e+00 1.0787e+02
1.2840e+00 1.1962e+02
1.2880e+00 1.2931e+02
1.2920e+00 1.7755e+02
1.2960e+00 2.0799e+02
1.3000e+00 2.4773e+02
1.3040e+00 1.7553e+02
1.3080e+00 1.0569e+02
1.3120e+00 1.5943e+02
1.3160e+00 8.5399e+01
1.3200e+00 1.2560e+02
1.3240e+00 1.6443e+02
1.3280e+00 2.4099e+02
1.3320e+00 1.3661e+02
1.3360e+00 1.1153e+02
1.3400e+00 7.8925e+01
1.3440e+00 1.0086e+02
1.3480e+00 7.4799e+01
1.3520e+00 9.9622e+01
1.3560e+00 1.1548e+02
1.3600e+00 1.6338e+02
1.3640e+00 9.2722e+01
1.3680e+00 8.2856e+01
1.3720e+00 1.1282e+02
1.3760e+00 5.0126e+01
1.3800e+00 6.5124e+01
1.3840e+00 8.2646e+01
1.3880e+00 8.9388e+01
1.3920e+00 1.7108e+02
1.3960e+00 6.3589e+01
1.4000e+00 1.1893e+02
1.4040e+00 1.2074e+02
1.4080e+00 4.5319e+01
1.4120e+00 5.7974e+01
1.4160e+00 6.8120e+01
1.4200e+00 1.0069e+02
1.4240e+00 5.8622e+01
1.4280e+00 4.5122e+01
1.4320e+00 3.6104e+01
1.4360e+00 3.6688e+01
1.4400e+00 8.2620e+01
1.4440e+00 8.7342e+01
1.4480e+00 5.7741e+01
1.4520e+00 5.3769e+01
1.4560e+00 4.3942e+01
1.4600e+00 8.1470e+01
1.4640e+00 6.7430e+01
1.4680e+00 3.9437e+01
1.4720e+00 4.4637e+01