0.3 2.3678e+06
0.303 2.3836e+06
0.306 2.3944e+06
0.309 2.4066e+06
0.312 2.4202e+06
0.315 2.4245e+06
0.318 2.4373e+06
0.321 2.4395e+06
0.324 2.4462e+06
0.327 2.4508e+06
0.33 2.4534e+06
0.333 2.442e+06
0.336 2.4372e+06
0.339 2.4198e+06
0.342 2.4025e+06
0.345 2.3685e+06
0.348 2.3282e+06
0.351 2.2675e+06
0.354 2.181e+06
0.357 2.0701e+06
0.36 1.9151e+06
0.363 1.7407e+06
0.366 1.5543e+06
0.369 1.3706e+06
0.372 1.2091e+06
0.375 1.0784e+06
0.378 9.6611e+05
0.381 8.7648e+05
0.384 7.9708e+05
0.387 7.3482e+05
0.39 6.7894e+05
0.393 6.3319e+05
0.396 5.9177e+05
0.399 5.5531e+05
0.402 5.2497e+05
0.405 4.9808e+05
0.408 4.6953e+05
0.411 4.461e+05
0.414 4.2713e+05
0.417 4.0876e+05
0.42 3.9447e+05
0.423 3.8012e+05
0.426 3.6424e+05
0.429 3.5047e+05
0.432 3.4037e+05
0.435 3.3229e+05
0.438 3.2535e+05
0.441 3.1418e+05
0.444 3.0328e+05
0.447 2.9488e+05
0.45 2.8823e+05
0.453 2.8756e+05
0.456 2.8553e+05
0.459 2.8017e+05
0.462 2.7133e+05
0.465 2.638e+05
0.468 2.5959e+05
0.471 2.6162e+05
0.474 2.6511e+05
0.477 2.6594e+05
0.48 2.6223e+05
0.483 2.5608e+05
0.486 2.495e+05
0.489 2.4924e+05
0.492 2.5638e+05
0.495 2.6427e+05
0.498 2.72e+05
0.501 2.7335e+05
0.504 2.7091e+05
0.507 2.6537e+05
0.51 2.6712e+05
0.513 2.7811e+05
0.516 2.9836e+05
0.519 3.1747e+05
0.522 3.3224e+05
0.525 3.3994e+05
0.528 3.4323e+05
0.531 3.5347e+05
0.534 3.8123e+05
0.537 4.2813e+05
0.54 4.9148e+05
0.543 5.6175e+05
0.546 6.3157e+05
0.549 7.0877e+05
0.552 8.1788e+05
0.555 9.8097e+05
0.558 1.2203e+06
0.561 1.5125e+06
0.564 1.7956e+06
0.567 2.0333e+06
0.57 2.1952e+06
0.573 2.2916e+06
0.576 2.3409e+06
0.579 2.3362e+06
0.582 2.2848e+06
0.585 2.1824e+06
0.588 1.9988e+06
0.591 1.7257e+06
0.594 1.38e+06
0.597 1.0126e+06
0.6 7.0789e+05
0.603 4.8217e+05
0.606 3.194e+05
0.609 2.0952e+05
0.612 1.4431e+05
0.615 1.1103e+05
0.618 95992
0.621 86869
0.624 77005
0.627 64354
0.63 50596
0.633 38449
0.636 30056
0.639 25653
0.642 24664
0.645 24181
0.648 23435
0.65 22062
0.653 19049
0.656 15704
0.659 12736
0.662 10827
0.665 10060
0.668 10176
0.671 10440
0.674 10430
0.677 9893.5
0.68 8803.3
0.683 7487.8
0.686 6295.3
0.689 5651.9
0.692 5480.5
0.695 5638.7
0.698 5894.7
0.701 6001.4
0.704 5657.2
0.707 5132.7
0.71 4537
0.713 3952.2
0.716 3557.4
0.719 3439.7
0.722 3524.1
0.725 3689.5
0.728 3762.9
0.731 3716.2
0.734 3461.8
0.737 3083.7
0.74 2744.2
0.743 2500.9
0.746 2371.7
0.749 2320.5
0.752 2421.4
0.755 2519.1
0.758 2548.4
0.761 2443.3
0.764 2233.2
0.767 1994
0.77 1758.4
0.773 1624.9
0.776 1583.9
0.779 1624.1
0.782 1714.5
0.785 1749.5
0.788 1786.5
0.791 1709.6
0.794 1549.2
0.797 1363.8
0.8 1194.9
0.803 1105.7
0.806 1059
0.809 1102.8
0.812 1185.4
0.815 1257.7
0.818 1259.5
0.821 1191
0.824 1095.3
0.827 946.25
0.83 815.43
0.833 733.4
0.836 726.79
0.839 738.7
0.842 814.48
0.845 897.13
0.848 926.96
0.851 898.23
0.854 802.09
0.857 676.52
0.86 561.55
0.863 471.94
0.866 448.36
0.869 508.04
0.872 571.78
0.875 636.3
0.878 689.14
0.881 663.67
0.884 576.54
0.887 465.21
0.89 357.55
0.893 290.3
0.896 283.42
0.899 338.29
0.902 429.04
0.905 503.63
0.908 535.76
0.911 495.88
0.914 391.31
0.917 276.93
0.92 193.25
0.923 156.61
0.926 209.72
0.929 314.68
0.932 466.09
0.935 564.88
0.938 605.9
0.941 571.04
0.944 541.68
0.947 698.28
0.95 1586.2
0.953 4101
0.956 9080.5
0.959 17124
0.962 26188
0.965 29435
0.968 22942
0.971 15182
0.974 9444
0.977 6326.6
0.98 5064.8
0.983 4276.3
0.986 3245.2
0.989 2397.3
0.992 1812.8
0.995 1432.3
0.998 1214.3
1.001 1095.8
1.004 1127.1
1.007 1192.3
1.01 1175.6
1.013 1115.5
1.016 1013.4
1.019 904.93
1.022 795.75
1.025 718.42
1.028 696.95
1.031 728.69
1.034 751.91
1.037 770.5
1.04 771.02
1.043 731.48
1.046 658.21
1.049 590.64
1.052 540.27
1.055 521.69
1.058 538.67
1.061 558.64
1.064 620.76
1.067 652.81
1.07 635.11
1.073 582.37
1.076 535.33
1.079 468.58
1.082 441.72
1.085 412.13
1.088 437.69
1.091 489.49
1.094 528.97
1.097 548.06
1.1 546.97
1.103 536.35
1.106 463.43
1.109 415.06
1.112 369.33
1.115 363.23
1.118 374.57
1.121 412.9
1.124 457.7
1.127 508.78
1.13 501.85
1.133 484.03
1.136 432.43
1.139 379.23
1.142 331.46
1.145 314.59
1.148 317.25
1.151 346.88
1.154 399.06
1.157 431.27
1.16 466.8
1.163 442.01
1.166 415.24
1.169 360.48
1.172 311
1.175 285.02
1.178 269.09
1.181 295.66
1.184 341.33
1.187 396.84
1.19 415.99
1.193 409.7
1.196 392.48
1.199 343.29
1.202 299.76
1.205 259.6
1.208 245.88
1.211 250.84
1.214 289.17
1.217 335.77
1.22 373.01
1.223 392.33
1.226 381.45
1.229 340.26
1.232 287.12
1.235 243.99
1.238 224.11
1.241 215.55
1.244 247.84
1.247 295.63
1.25 344.74
1.253 370.16
1.256 371.24
1.259 349.12
1.262 309.64
1.265 254.84
1.268 215.52
1.271 201.95
1.274 222.35
1.277 265.5
1.28 301.69
1.283 354.57
1.286 386.98
1.289 361.21
1.292 335.71
1.295 280.57
1.298 234.86
1.301 202.53
1.304 192.28
1.307 241.88
1.31 299.63
1.313 368.99
1.316 407.45
1.319 418.17
1.322 405.86
1.325 349.77
1.328 281.28
1.331 215.3
1.334 223.91
1.337 256.54
1.34 348.65
1.343 473.75
1.346 595.67
1.349 673.49
1.352 683.68
1.355 655.86
1.358 650.55
1.361 623.33
1.364 669.02
1.367 1083.2
1.37 2306.3
1.373 4644.2
1.376 8799.6
1.379 14184
1.382 15765
1.385 11111
1.388 6423.4
1.391 3441.9
1.394 1460.2
1.397 1036.4
1.4 880.12
1.403 699.7
1.406 441.43
1.409 245.69
1.412 135.04
1.415 57.061
1.418 36.289
1.421 37.107
1.424 54.747
1.425 61.185
1.429 77.08
1.433 71.19
1.437 51.127
1.441 26.493
1.445 11.599
1.449 17.601
1.453 37.432
1.457 54.51
1.461 57.119
1.465 46.017
1.469 25.44
1.473 14.244
1.477 14.852
1.481 26.63
1.485 42.353
1.489 53.543
1.493 51.341
1.497 39.943
1.501 25.026
1.505 14.845
1.509 16.548
1.513 27.86
1.517 41.33
1.521 50.74
1.525 48.047
1.529 36.277
1.533 24.528
1.537 15.62
1.541 17.486
1.545 26.47
1.549 38.499
1.553 42.845
1.557 42.258
1.561 34.101
1.565 21.945
1.569 14.362
1.573 14.631
1.577 23.55
1.581 35.931
1.585 40.523
1.589 38.626
1.593 29.716
1.597 20.475
1.601 13.402
1.605 14.386
1.609 20.116
1.613 29.613
1.617 35.963
1.621 34.337
1.625 28.147
1.629 17.538
1.633 13.021
1.637 11.748
1.641 19.621
1.645 26.179
1.649 31.681
1.653 32.417
1.657 25.862
1.661 18.299
1.665 11.593
1.669 9.9426
1.673 16.76
1.677 23.124
1.681 27.467
1.685 28.978
1.689 24.752
1.693 17.632
1.697 10.836
1.701 10.262
1.705 14.253
1.709 22.514
1.713 29.352
1.717 31.076
1.721 24.789
1.725 17.901
1.729 10.149
1.733 9.1517
1.737 14.454
1.741 23.407
1.745 30.17
1.749 32.781
1.753 28.399
1.757 17.959
1.761 11.977
1.765 11.744
1.769 20.159
1.773 34.398
1.777 48.689
1.781 48.269
1.785 50.357
1.789 51.679
1.793 53.586
1.797 103.04
1.801 268.03
1.805 617.17
1.809 1061.6
1.813 876.82
1.817 536.89
1.821 213.23
1.825 90.984
1.829 79.578
1.833 66.439
1.837 38.134
1.841 17.828
1.845 10.014
1.849 5.9726
1.853 5.6924
1.857 6.7541
1.861 6.2037
1.865 5.7186
1.869 4.3014
1.873 2.1081
1.877 1.5306
1.881 2.0572
1.885 3.4646
1.889 4.3039
1.893 4.1352
1.897 2.4929
1.901 1.4039
1.905 0.93949
1.909 1.2273
1.913 2.3124
1.917 3.4386
1.921 3.223
1.925 3.8751
1.929 2.3604
1.933 1.0353
1.937 1.0761
1.941 1.304
1.945 1.7666
1.949 3.0462
1.953 3.0192
1.957 3.0357
1.961 2.05
1.965 0.88373
1.969 0.95806
1.973 1.1166
1.977 1.5344
1.981 2.367
1.985 3.0539
1.989 2.3383
1.993 1.5553
1.997 1.2992
2.001 0.88602
2.005 0.96076
2.009 1.0888
2.013 2.1098
2.017 2.4804
2.021 2.2879
2.025 1.7274
2.029 1.3529
2.033 0.60075
2.037 0.88813
2.041 0.679
2.045 1.615
2.049 1.6874
2.053 2.0335
2.057 1.5907
2.061 0.85252
2.065 0.64996
2.069 0.55212
2.073 0.49275
2.077 1.3113
2.081 1.2986
2.085 1.5114
2.089 1.4612
2.093 1.0107
2.097 0.86559
2.101 0.38962
2.105 0.88314
2.109 0.86251
2.113 1.2804
2.117 1.5101
2.121 1.5308
2.125 0.91533
2.129 0.96911
2.133 0.47692
2.137 0.72643
2.141 0.52018
2.145 0.88726
2.149 0.78077
2.153 1.0702
2.157 0.8309
2.161 0.5757
2.165 0.5479
2.169 0.44589
2.173 0.49654
2.177 0.51915
2.181 0.90588
2.185 0.57352
2.189 0.98343
2.193 0.93916
2.197 0.56906
2.201 0.39078
2.205 0.83356
2.209 0.62194
2.213 0.62375
2.217 1.1241
2.221 2.1584
2.225 2.7393
2.229 4.9199
2.233 9.4489
2.237 14.281
2.241 20.592
2.245 15.234
2.249 9.4852
2.253 7.0122
2.257 2.9663
2.261 2.659
2.265 2.3918
2.269 2.4009
2.273 2.8168
2.277 2.3459
2.281 2.766
2.285 2.5455
2.289 1.268
2.293 0.95945
2.297 0.31418
2.3 0.37445
2.3045 0.55248
2.309 0.82501
2.3135 1.3087
2.318 1.1293
2.3225 1.2051
2.327 0.66629
2.3315 0.31139
2.336 0.31175
2.3405 0.58364
2.345 0.90448
2.3495 0.97914
2.354 0.92643
2.3585 0.8109
2.363 0.5119
2.3675 0.2629
2.372 0.36144
2.3765 0.81326
2.381 0.98487
2.3855 1.0691
2.39 0.89618
2.3945 0.47045
2.399 0.42557
2.4035 0.34278
2.408 0.43641
2.4125 0.76873
2.417 1.1329
2.4215 0.86326
2.426 0.6899
2.4305 0.45804
2.435 0.23813
2.4395 0.27104
2.444 0.78532
2.4485 0.90644
2.453 0.99877
2.4575 0.80195
2.462 0.49006
2.4665 0.37434
2.471 0.36304
2.4755 0.73674
2.48 0.58404
2.4845 0.89376
2.489 0.78145
2.4935 0.50772
2.498 0.49141
2.5025 0.43589
2.507 0.48053
2.5115 0.83968
2.516 0.71004
2.5205 0.91786
2.525 0.71749
2.5295 0.38733
2.534 0.44586
2.5385 0.559
2.543 0.79536
2.5475 1.1152
2.552 0.82734
2.5565 0.88206
2.561 0.529
2.5655 0.45658
2.57 0.45916
2.5745 0.66647
2.579 0.84997
2.5835 1.0393
2.588 0.90427
2.5925 0.67736
2.597 0.42761
2.6015 0.65448
2.606 0.89575
2.6105 1.1277
2.615 1.2936
2.6195 1.5941
2.624 1.189
2.6285 0.71776
2.633 0.81716
2.6375 1.4176
2.642 2.6554
2.6465 3.5286
2.651 4.3623
2.6555 7.9649
2.66 14.479
2.6645 24.86
2.669 43.444
2.6735 73.524
2.678 100.57
2.6825 91.959
2.687 75.19
2.6915 32.408
2.696 16.6
2.7005 14.705
2.705 15.818
2.7095 12.421
2.714 9.3978
2.7185 6.5446
2.723 4.4152
2.7275 2.2994
2.732 1.3739
2.7365 1.196
2.741 1.3645
2.7455 1.4907
2.75 1.3289
2.7545 1.0932
2.759 0.77625
2.7635 0.44781
2.768 0.33398
2.7725 0.48074
2.777 0.41588
2.7815 0.65621
2.786 0.57307
2.7905 0.53241
2.795 0.44102
2.7995 0.22937
2.804 0.28061
2.8085 0.28198
2.813 0.35397
2.8175 0.34463
2.822 0.32533
2.8265 0.30187
2.831 0.22778
2.8355 0.16369
2.84 0.13492
2.8445 0.2396
2.849 0.20944
2.8535 0.31206
2.858 0.35516
2.8625 0.19762
2.867 0.14755
2.8715 0.21867
2.876 0.12579
2.8805 0.2497
2.885 0.35352
2.8895 0.29224
2.894 0.21701
2.8985 0.22809
2.903 0.093308
2.9075 0.19651
2.912 0.13477
2.9165 0.20876
2.921 0.28021
2.9255 0.22803
2.93 0.11505
2.9345 0.083944
2.939 0.10396
2.9435 0.20767
2.948 0.27094
2.9525 0.25966
2.957 0.15609
2.9615 0.16746
2.966 0.11507
2.9705 0.082851
2.975 0.14535
2.9795 0.25941
2.984 0.24041
2.9885 0.18754
2.993 0.24959
2.9975 0.1466
3.002 0.092131
3.0065 0.19695
3.011 0.13518
3.0155 0.23962
3.02 0.26112
3.0245 0.20767
3.029 0.26137
3.0335 0.20813
3.038 0.15559
3.0425 0.11383
3.047 0.11507
3.0515 0.27978
3.056 0.28259
3.0605 0.14464
3.065 0.13434
3.0695 0.13463
3.074 0.16587
3.0785 0.24103
3.083 0.45903
3.0875 0.53083
3.092 0.54147
3.0965 0.83811
3.101 1.2403
3.1055 1.4878
3.11 2.4666
3.1145 3.8668
3.119 4.6814
3.1235 4.1451
3.128 2.3501
3.1325 1.2767
3.137 0.91495
3.1415 0.8842
3.146 0.56159
3.1505 0.44949
3.155 0.32178
3.1595 0.1575
3.164 0.15564
3.1685 0.15613
3.173 0.13667
3.1775 0.18763
3.182 0.16468
3.1865 0.094243
3.191 0.062389
3.1955 0.17697
3.2 0.072923
3.2045 0.13543
3.209 0.11396
3.2135 0.16487
3.218 0.13678
3.2225 0.08252
3.227 0.11432
3.2315 0.11394
3.236 0.10382
3.2405 0.083754
3.245 0.063676
3.2495 0.09428
3.254 0.13558
3.2585 0.12448
3.263 0.10433
3.2675 0.13545
3.272 0.092373
3.2765 0.10445
3.281 0.13564
3.2855 0.10401
3.29 0.094459
3.2945 0.1262
3.299 0.11357
3.3035 0.1367
3.308 0.10514
3.3125 0.11374
3.317 0.082322
3.3215 0.13558
3.326 0.092718
3.3305 0.0937
3.335 0.094654
3.3395 0.094609
3.344 0.083192
3.3485 0.10417
3.353 0.11571
3.3575 0.09455
3.362 0.094552
3.3665 0.093336
3.371 0.062619
3.3755 0.10269
3.38 0.083487
3.3845 0.093138
3.389 0.13442
3.3935 0.09299
3.398 0.08337
3.4025 0.11538
3.407 0.09413
3.4115 0.13598
3.416 0.062174
3.4205 0.10357
3.425 0.041004
3.4295 0.073525
3.434 0.11304
3.4385 0.08314
3.443 0.052544
3.4475 0.12392
3.452 0.14681
3.4565 0.11493
3.461 0.062341
3.4655 0.17774
3.47 0.14556
3.4745 0.13467
3.479 0.14785
3.4835 0.18673
3.488 0.13673
3.4925 0.17806
3.497 0.14586
3.5015 0.15662
3.506 0.19674
3.5105 0.12422
3.515 0.21838
3.5195 0.37483
3.524 0.52851
3.5285 0.95451
3.533 1.5914
3.5375 2.5814
3.542 3.0963
3.5465 3.8929
3.551 4.5424
3.5555 4.5621
3.56 5.0577
3.5645 4.4707
3.569 2.5466
3.5735 1.5012
3.578 1.4056
3.5825 1.3458
3.587 1.3727
3.5915 1.3225
3.596 1.216
3.6005 0.90675
3.605 0.71959
3.6095 0.44572
3.614 0.28912
3.6185 0.36252
3.623 0.26133
3.6275 0.22878
3.632 0.1777
3.6365 0.12467
3.641 0.1144
3.6455 0.060993
3.65 0.13504
3.6545 0.16837
3.659 0.10389
3.6635 0.16705
3.668 0.12465
3.6725 0.061735
3.677 0.14432
3.6815 0.082687
3.686 0.052395
3.6905 0.031781
3.695 0.082442
3.6995 0.083627
3.704 0.12396
3.7085 0.062589
3.713 0.094151
3.7175 0.1141
3.722 0.041136
3.7265 0.062581
3.731 0.052457
3.7355 0.07236
3.74 0.041243
3.7445 0.041462
3.749 0.073249
3.7535 0.12481
3.758 0.062759
3.7625 0.14381
3.767 0.084089
3.7715 0.10408
3.776 0.041656
3.7805 0.083355
3.785 0.084095
3.7895 0.052436
3.794 0.073612
3.7985 0.082064
3.803 0.083926
3.8075 0.092938
3.812 0.072554
3.8165 0.062529
3.821 0.072363
3.8255 0.07373
3.83 0.082334
3.8345 0.061939
3.839 0.082712
3.8435 0.083091
3.848 0.093261
3.8525 0.020687
3.857 0.084005
3.8615 0.10525
3.866 0.063515
3.8705 0.11522
3.875 0.08316
3.8795 0.041213
3.884 0.12632
3.8885 0.083906
3.893 0.082241
3.8975 0.092027
3.902 0.020929
3.9065 0.062526
3.911 0.052303
3.9155 0.063362
3.92 0.083315
3.9245 0.063294
3.929 0.10273
3.9335 0.063111
3.938 0.052371
3.9425 0.020529
3.947 0.10453
3.9515 0.095305
3.956 0.051778
3.9605 0.051621
3.965 0.094001
3.9695 0.19748
3.974 0.29063
3.9785 0.29117
3.983 0.30252
3.9875 0.32652
3.992 0.42719
3.9965 0.45882
4.001 0.48994
4.0055 0.36299
4.01 0.22822
4.0145 0.16614
4.019 0.1353
4.0235 0.17611
4.028 0.12541
4.0325 0.1244
4.037 0.12424
4.0415 0.08442
4.046 0.12371
4.0505 0.063191
4.055 0.094125
4.0595 0.031078
4.064 0.062155
4.0685 0.072208
4.073 0.094917
4.0775 0.06334
4.082 0.10344
4.0865 0.082801
4.091 0.10384
4.0955 0.083982
4.1 0.030987
4.1045 0.051996
4.109 0.053037
4.1135 0.041102
4.118 0.051979
4.1225 0.052052
4.127 0.083588
4.1315 0.072105
4.136 0.031273
4.1405 0.0727
4.145 0.031677
4.1495 0.073489
4.154 0.042085
4.1585 0.052693
4.163 0.062534
4.1675 0.081673
4.172 0.1045
4.1765 0.061626
4.181 0.03156
4.1855 0.082985
4.19 0.073154
4.1945 0.04142
4.199 0.052752
4.2035 0.10415
4.208 0.082917
4.2125 0.041829
4.217 0.073114
4.2215 0.073904
4.226 0.063406
4.2305 0.062861
4.235 0.071831
4.2395 0.052029
4.244 0.030996
4.2485 0.051302
4.253 0.082872
4.2575 0.051952
4.262 0.041411
4.2665 0.052887
4.271 0.061344
4.2755 0.052344
4.28 0.051902
4.2845 0.031503
4.289 0.020634
4.2935 0.09417
4.298 0.031157
4.3025 0.031192
4.307 0.061342
4.3115 0.062933
4.316 0.031539
4.3205 0.041652
4.325 0.020816
4.3295 0.083459
4.334 0.073885
4.3385 0.051465
4.343 0.062435
4.3475 0.10321
4.352 0.041631
4.3565 0.084734
4.361 0.10464
4.3655 0.062945
4.37 0.041797
4.3745 0.084381
4.379 0.083251
4.3835 0.084524
4.388 0.14716
4.3925 0.15747
4.397 0.13632
4.4015 0.15511
4.406 0.18633
4.4105 0.36411
4.415 0.28133
4.4195 0.46935
4.424 0.47759
4.4285 0.49816
4.433 0.54056
4.4375 0.62468
4.442 0.7081
4.4465 0.51219
4.451 0.27145
4.4555 0.26211
4.46 0.21718
4.4645 0.36272
4.469 0.15429
4.4735 0.1979
4.478 0.18634
4.4825 0.27941
4.487 0.083183
4.4915 0.10238
4.496 0.15626
4.5005 0.13639
4.505 0.083804
4.5095 0.093049
4.514 0.031527
4.5185 0.082586
4.523 0.03191
4.5275 0.09351
4.532 0.042022
4.5365 0.13533
4.541 0.071629
4.5455 0.072846
4.55 0.072755
4.5545 0.061895
4.559 0.072023
4.5635 0.021052
4.568 0.041547
4.5725 0.072275
4.577 0.06302
4.5815 0.031085
4.586 0.010091
4.5905 0.041812
4.595 0.04079
4.5995 0.051866
4.604 0.10354
4.6085 0.031106
4.613 0.062426
4.6175 0.051716
4.622 0.062322
4.6265 0.061576
4.631 0.072299
4.6355 0.082755
4.64 0.032016
4.6445 0.062083
4.649 0.051839
4.6535 0.021047
4.658 0.010765
4.6625 0.051671
4.667 0.093798
4.6715 0.062206
4.676 0.052201
4.6805 0.02039
4.685 0.082676
4.6895 0.072249
4.694 0.031626
4.6985 0.051673
4.703 0.072767
4.7075 0.062477
4.712 0.041392
4.7165 0.041695
4.721 0.041555
4.7255 0.07348
4.73 0.041526
4.7345 0.052533
4.739 0.063944
4.7435 0.0722
4.748 0.062678
4.7525 0.051855
4.757 0.03059
4.7615 0.051956
4.766 0.020487
4.7705 0.031619
4.775 0.020268
4.7795 0.042203
4.784 0.0637
4.7885 0.083401
4.793 0.010586
4.7975 0.061385
4.802 0.020712
4.8065 0.05232
4.811 0.061854
4.8155 0.053138
4.82 0.061593
4.8245 0.061657
4.829 0.031854
4.8335 0.082878
4.838 0.09321
4.8425 0.093217
4.847 0.14677
4.8515 0.12577
4.856 0.094101
4.8605 0.1141
4.865 0.072193
4.8695 0.15699
4.874 0.12454
4.8785 0.17573
4.883 0.2403
4.8875 0.1464
4.892 0.13578
4.8965 0.082081
4.901 0.13568
4.9055 0.083134
4.91 0.12479
4.9145 0.10433
4.919 0.073874
4.9235 0.072786
4.928 0.031652
4.9325 0.082077
4.937 0.084493
4.9415 0.084313
4.946 0.051127
4.9505 0.10505
4.955 0.031622
4.9595 0.063363
4.964 0.042211
4.9685 0.071873
4.973 0.06322
4.9775 0.041235
4.982 0.08339
4.9865 0.051864
4.991 0.093542
4.9955 0.010113
5 0.062769
