0.3 4.1294e+06
0.303 4.1375e+06
0.306 4.141e+06
0.309 4.1475e+06
0.312 4.1375e+06
0.315 4.1284e+06
0.318 4.1146e+06
0.321 4.0828e+06
0.324 4.0568e+06
0.327 4.0143e+06
0.33 3.9528e+06
0.333 3.8777e+06
0.336 3.7632e+06
0.339 3.614e+06
0.342 3.416e+06
0.345 3.1712e+06
0.348 2.8804e+06
0.351 2.5849e+06
0.354 2.295e+06
0.357 2.0391e+06
0.36 1.8232e+06
0.363 1.638e+06
0.366 1.4849e+06
0.369 1.3496e+06
0.372 1.239e+06
0.375 1.1425e+06
0.378 1.0564e+06
0.381 9.8032e+05
0.384 9.1243e+05
0.387 8.5315e+05
0.39 8.0045e+05
0.393 7.4998e+05
0.396 7.0834e+05
0.399 6.6712e+05
0.402 6.3175e+05
0.405 5.9735e+05
0.408 5.6782e+05
0.411 5.3753e+05
0.414 5.1356e+05
0.417 4.8715e+05
0.42 4.6477e+05
0.423 4.4262e+05
0.426 4.2337e+05
0.429 4.0651e+05
0.432 3.8789e+05
0.435 3.7319e+05
0.438 3.5756e+05
0.441 3.4342e+05
0.444 3.2929e+05
0.447 3.1647e+05
0.45 3.0602e+05
0.453 2.9384e+05
0.456 2.8406e+05
0.459 2.7302e+05
0.462 2.6364e+05
0.465 2.5473e+05
0.468 2.4598e+05
0.471 2.3802e+05
0.474 2.3067e+05
0.477 2.2313e+05
0.48 2.1599e+05
0.483 2.0864e+05
0.486 2.0312e+05
0.489 1.9642e+05
0.492 1.9119e+05
0.495 1.8559e+05
0.498 1.8072e+05
0.501 1.7472e+05
0.504 1.7022e+05
0.507 1.6489e+05
0.51 1.6131e+05
0.513 1.5595e+05
0.516 1.5255e+05
0.519 1.4818e+05
0.522 1.4549e+05
0.525 1.4103e+05
0.528 1.377e+05
0.531 1.3458e+05
0.534 1.3144e+05
0.537 1.2814e+05
0.54 1.2593e+05
0.543 1.2269e+05
0.546 1.1959e+05
0.549 1.1672e+05
0.552 1.1553e+05
0.555 1.128e+05
0.558 1.0961e+05
0.561 1.0775e+05
0.564 1.0535e+05
0.567 1.0274e+05
0.57 1.0082e+05
0.573 98603
0.576 97736
0.579 95122
0.582 94092
0.585 92803
0.588 90923
0.591 89398
0.594 87566
0.597 86236
0.6 85297
0.603 83970
0.606 82900
0.609 81949
0.612 80929
0.615 79928
0.618 78837
0.621 77760
0.624 77050
0.627 75879
0.63 75572
0.633 74248
0.636 73227
0.639 73124
0.642 72582
0.645 71613
0.648 71209
0.651 71270
0.654 70273
0.657 70381
0.66 70105
0.663 69588
0.666 69712
0.669 69373
0.672 69374
0.675 70262
0.678 69677
0.681 70196
0.684 69932
0.687 70784
0.69 71098
0.693 71157
0.696 72002
0.699 72527
0.702 73537
0.705 73015
0.708 74643
0.711 76039
0.714 77176
0.717 78805
0.72 80552
0.723 82674
0.726 84745
0.729 87289
0.732 90047
0.735 93505
0.738 96369
0.741 98979
0.744 1.0327e+05
0.747 1.0689e+05
0.75 1.1226e+05
0.753 1.1873e+05
0.756 1.256e+05
0.759 1.3365e+05
0.762 1.4306e+05
0.765 1.5484e+05
0.768 1.6892e+05
0.771 1.8498e+05
0.774 2.0397e+05
0.777 2.2802e+05
0.78 2.5796e+05
0.783 2.9604e+05
0.786 3.4997e+05
0.789 4.2188e+05
0.792 5.239e+05
0.795 6.7933e+05
0.798 9.1504e+05
0.801 1.2751e+06
0.804 1.8015e+06
0.807 2.4703e+06
0.81 3.1611e+06
0.813 3.7334e+06
0.816 4.0667e+06
0.819 4.0961e+06
0.822 3.8062e+06
0.825 3.1681e+06
0.828 2.2594e+06
0.831 1.3669e+06
0.834 7.9721e+05
0.837 5.1544e+05
0.84 3.4547e+05
0.843 2.5111e+05
0.846 1.9157e+05
0.849 1.4644e+05
0.852 1.1918e+05
0.855 94901
0.858 78537
0.861 65042
0.864 54169
0.867 46619
0.87 39788
0.873 35086
0.876 30510
0.879 26887
0.882 23982
0.885 20853
0.888 18876
0.891 16476
0.894 14949
0.897 13550
0.9 11925
0.903 10993
0.906 9987.9
0.909 9233.2
0.912 8680.4
0.915 7884.2
0.918 7375.1
0.921 6780.9
0.924 6251.8
0.927 5969.1
0.93 5435.8
0.933 5102.9
0.936 4744.3
0.939 4367.3
0.942 4137.6
0.945 3809.7
0.948 3681.4
0.951 3478.6
0.954 3238.2
0.957 3108.1
0.96 2903.1
0.963 2765.9
0.966 2661.6
0.969 2472.9
0.972 2407.9
0.975 2269.3
0.978 2200.9
0.981 2124.7
0.984 1984
0.987 1934.2
0.99 1832.5
0.993 1740.4
0.996 1714.4
0.999 1610.7
1.002 1565.3
1.005 1496.8
1.008 1429.6
1.011 1412.4
1.014 1328.4
1.017 1305
1.02 1277.3
1.023 1203.9
1.026 1191.5
1.029 1133.5
1.032 1088.7
1.035 1080.8
1.038 1036.4
1.041 1015.9
1.044 981.82
1.047 948.54
1.05 960.9
1.053 905.53
1.056 910.41
1.059 887.78
1.062 835.65
1.065 853.79
1.068 818.31
1.071 793.34
1.074 788.5
1.077 742.28
1.08 748.35
1.083 730.34
1.086 701.17
1.089 698.57
1.092 671.43
1.095 649.4
1.098 653.86
1.101 614.56
1.104 634.4
1.107 612.47
1.11 605.16
1.113 609.96
1.116 580.4
1.119 576.27
1.122 570.37
1.125 545.18
1.128 545.33
1.131 519.59
1.134 517.98
1.137 521.71
1.14 494.4
1.143 497.82
1.146 496.68
1.149 486.92
1.152 489.8
1.155 461
1.158 463.04
1.161 454.61
1.164 434.63
1.167 443.31
1.17 434.61
1.173 423.06
1.176 430.96
1.179 416.4
1.182 412.5
1.185 410.46
1.188 396.43
1.191 400.63
1.194 396.06
1.197 379.27
1.2 387.01
1.203 367.68
1.206 367.15
1.209 378.03
1.212 356.67
1.215 358.07
1.218 355.33
1.221 347.1
1.224 356.25
1.227 336.61
1.23 346.39
1.233 341.34
1.236 330.44
1.239 330.63
1.242 325.77
1.245 316.94
1.248 328.27
1.251 311.92
1.254 314.56
1.257 316.47
1.26 301.1
1.263 314.26
1.266 301.07
1.269 292.79
1.272 296.15
1.275 287.97
1.278 286.58
1.281 287.66
1.284 288.42
1.287 287.19
1.29 273.51
1.293 284.56
1.296 282.73
1.299 270.57
1.302 284.06
1.305 274.13
1.308 267.3
1.311 274.4
1.314 261.13
1.317 267.87
1.32 271.12
1.323 257.29
1.326 254.24
1.329 261.31
1.332 254.55
1.335 263.75
1.338 250.63
1.341 256.3
1.344 256.04
1.347 244.98
1.35 246.01
1.353 247.05
1.356 239.81
1.359 244.62
1.362 237.44
1.365 238.78
1.368 244.6
1.371 237.51
1.374 244.72
1.377 234.59
1.38 228.79
1.383 232.39
1.386 232.87
1.389 235.33
1.392 246.65
1.395 235.8
1.398 241.5
1.401 232.72
1.404 228.91
1.407 240.93
1.41 232.44
1.413 235.18
1.416 240.08
1.419 229.88
1.422 239.86
1.425 237.47
1.428 238.27
1.431 248.94
1.434 240.12
1.437 250.36
1.44 249.42
1.443 239.04
1.446 256.21
1.449 249.58
1.452 250.22
1.455 271.39
1.458 272.11
1.461 274.39
1.464 294.27
1.467 295.27
1.47 312.88
1.473 317.58
1.476 337
1.479 358.6
1.482 375.64
1.485 418.13
1.488 465.51
1.491 510.52
1.494 623.52
1.497 738.61
1.5 962.55
1.503 1345.3
1.506 2040.2
1.509 3411.6
1.512 5699.1
1.515 9043.3
1.518 12559
1.521 14421
1.524 12934
1.527 8833.6
1.53 4622.7
1.533 2374.4
1.536 1894
1.539 1685.5
1.542 1187.3
1.545 911.53
1.548 780.57
1.551 555.72
1.554 433.9
1.557 395.65
1.56 308.2
1.563 255.55
1.566 243.54
1.569 213.47
1.572 208.3
1.575 207.61
1.578 183.68
1.581 186.29
1.584 181.69
1.587 171.65
1.59 171.39
1.593 171.24
1.596 163.53
1.599 163.48
1.602 159.98
1.605 158.5
1.608 161.7
1.611 154.86
1.614 159.12
1.617 163.52
1.62 157.24
1.623 157.12
1.626 159.26
1.629 153.96
1.632 164.03
1.635 147.98
1.638 146.97
1.641 153.28
1.644 141.39
1.647 146.8
1.65 154.17
1.653 143.79
1.656 152.82
1.659 144.22
1.662 139.64
1.665 138.87
1.668 142.65
1.671 139.08
1.674 144.82
1.677 135.57
1.68 142.39
1.683 145.09
1.686 135.95
1.689 139.21
1.692 137.45
1.695 130
1.698 140.12
1.701 132.57
1.704 134.59
1.707 133.4
1.71 129.56
1.713 136.46
1.716 133.11
1.719 130.29
1.722 130.23
1.725 130.97
1.728 132.13
1.731 129.38
1.734 128.04
1.737 130.36
1.74 131.42
1.743 121.72
1.746 132.78
1.749 131.33
1.752 126.71
1.755 128.75
1.758 120.35
1.761 120.02
1.764 129.02
1.767 116.78
1.77 123.56
1.773 122.85
1.776 120.02
1.779 117.74
1.782 120.1
1.785 120.15
1.788 119.6
1.791 118.64
1.794 124.89
1.797 116.85
1.8 119.8
1.803 121.54
1.806 114.98
1.809 113.14
1.812 115.24
1.815 112.83
1.818 110.78
1.821 116.25
1.824 112.82
1.827 109.9
1.83 110.82
1.833 110.07
1.836 116.98
1.839 107.42
1.842 107.51
1.845 104.51
1.848 107.62
1.851 108.04
1.854 111.25
1.857 107.13
1.86 108.96
1.863 103.31
1.866 107.27
1.869 105.18
1.872 105.38
1.875 100.97
1.878 104.03
1.881 97.307
1.884 103.13
1.887 98.951
1.89 99.967
1.893 101.21
1.896 92.09
1.899 99.235
1.902 101.19
1.905 95.405
1.908 95.804
1.911 100.99
1.914 98.142
1.917 95.065
1.92 93.209
1.923 96.672
1.926 97.827
1.929 91.451
1.932 95.354
1.935 96.207
1.938 91.736
1.941 95.439
1.944 91.869
1.947 94.994
1.95 96.16
1.953 91.468
1.956 90.446
1.959 92.853
1.962 90.852
1.965 91.08
1.968 87.493
1.971 87.53
1.974 91.845
1.977 88.376
1.98 89.741
1.983 90.233
1.986 86.936
1.989 90.523
1.992 89.905
1.995 91.495
1.998 91.749
2.001 84.996
2.004 91.053
2.007 91.848
2.01 88.323
2.013 87.25
2.016 88.393
2.019 83.838
2.022 88.538
2.025 87.94
2.028 84.718
2.031 86.776
2.034 83.624
2.037 86.561
2.04 82.818
2.043 88.637
2.046 87.296
2.049 87.487
2.052 83.982
2.055 90.387
2.058 83.268
2.061 85.575
2.064 86.254
2.067 84.569
2.07 89.047
2.073 88.781
2.076 89.863
2.079 93.271
2.082 86.485
2.085 86.519
2.088 87.382
2.091 89.612
2.094 90.154
2.097 90.991
2.1 89.461
2.103 96.493
2.106 95.554
2.109 93.108
2.112 100.18
2.115 92.506
2.118 94.555
2.121 96.826
2.124 92.768
2.127 97.109
2.13 99.731
2.133 99.655
2.136 105.94
2.139 107.44
2.142 109.21
2.145 113.8
2.148 115.6
2.151 119.37
2.154 128.13
2.157 122.8
2.16 126.82
2.163 132.64
2.166 127.05
2.169 140.11
2.172 139.55
2.175 143.4
2.178 155.18
2.181 154.35
2.184 172.18
2.187 182.79
2.19 192.57
2.193 214.47
2.196 225.09
2.199 241.52
2.202 263.27
2.205 279.51
2.208 321.32
2.211 367.27
2.214 419.74
2.217 505.61
2.22 615.79
2.223 765.43
2.226 1056.7
2.229 1476.9
2.232 2199.5
2.235 3589.7
2.238 5835.4
2.241 9048.5
2.244 12977
2.247 16182
2.25 16980
2.253 14811
2.256 10508
2.259 6109.3
2.262 3513.3
2.265 2732.9
2.268 2533.6
2.271 2048
2.274 1627.5
2.277 1646.1
2.28 1678.7
2.283 1523.5
2.286 1370.9
2.289 1342.2
2.292 1169.5
2.295 951.47
2.298 817.62
2.301 703.99
2.304 547.41
2.307 452.5
2.31 378.23
2.313 284.64
2.316 224.34
2.319 185.57
2.322 137.2
2.325 117.07
2.328 93.224
2.331 72.179
2.334 63.508
2.337 52.964
2.34 43.052
2.343 38.198
2.346 34.626
2.349 26.23
2.35 30.379
2.3545 26.71
2.359 22.724
2.3635 20.525
2.368 18.84
2.3725 18.403
2.377 17.947
2.3815 17.107
2.386 17.065
2.3905 15.58
2.395 16.849
2.3995 14.251
2.404 15.985
2.4085 15.116
2.413 15.158
2.4175 15.079
2.422 15.154
2.4265 15.657
2.431 15.924
2.4355 15.647
2.44 15.869
2.4445 16.536
2.449 15.595
2.4535 16.587
2.458 15.53
2.4625 15.691
2.467 14.947
2.4715 15.537
2.476 15.189
2.4805 15.839
2.485 15.436
2.4895 15.986
2.494 16.101
2.4985 15.343
2.503 14.805
2.5075 14.867
2.512 15.783
2.5165 14.706
2.521 15.822
2.5255 15.214
2.53 15.74
2.5345 14.715
2.539 15.011
2.5435 15.38
2.548 13.894
2.5525 14.382
2.557 14.549
2.5615 15.07
2.566 14.142
2.5705 14.552
2.575 14.144
2.5795 14.387
2.584 13.893
2.5885 14.466
2.593 14.34
2.5975 13.669
2.602 14.265
2.6065 13.103
2.611 13.873
2.6155 13.021
2.62 13.893
2.6245 13.26
2.629 13.725
2.6335 13.394
2.638 12.527
2.6425 13.008
2.647 12.729
2.6515 13.078
2.656 12.516
2.6605 12.835
2.665 12.612
2.6695 12.575
2.674 12.516
2.6785 12.19
2.683 11.372
2.6875 12.332
2.692 12.297
2.6965 11.473
2.701 12.289
2.7055 11.456
2.71 12.581
2.7145 11.307
2.719 12.166
2.7235 11.279
2.728 10.738
2.7325 11.878
2.737 11.004
2.7415 11.258
2.746 12.079
2.7505 11.304
2.755 11.502
2.7595 11.041
2.764 10.963
2.7685 11.467
2.773 11.073
2.7775 10.813
2.782 11.715
2.7865 10.89
2.791 10.556
2.7955 10.747
2.8 11.366
2.8045 10.547
2.809 11.286
2.8135 10.99
2.818 10.817
2.8225 10.52
2.827 10.788
2.8315 10.668
2.836 10.604
2.8405 11.179
2.845 10.901
2.8495 10.869
2.854 11.294
2.8585 11.062
2.863 10.758
2.8675 11.011
2.872 12.253
2.8765 11.592
2.881 12.268
2.8855 12.611
2.89 13.418
2.8945 12.15
2.899 12.77
2.9035 13.14
2.908 14.751
2.9125 13.587
2.917 15.37
2.9215 16.644
2.926 16.683
2.9305 19.288
2.935 20.052
2.9395 23.439
2.944 26.321
2.9485 33.906
2.953 41.823
2.9575 57.293
2.962 88.183
2.9665 149.55
2.971 286.18
2.9755 507.98
2.98 735.7
2.9845 808.69
2.989 590.39
2.9935 293.06
2.998 182.82
3.0025 182.96
3.007 142.72
3.0115 100.48
3.016 89.958
3.0205 77.048
3.025 81.701
3.0295 88.564
3.034 84.071
3.0385 79.065
3.043 66.212
3.0475 58.834
3.052 44.806
3.0565 36.573
3.061 28.06
3.0655 20.842
3.07 15.701
3.0745 12.495
3.079 10.247
3.0835 8.4145
3.088 6.3384
3.0925 6.5091
3.097 4.9789
3.1015 4.834
3.106 3.9591
3.1105 4.196
3.115 3.9033
3.1195 3.6451
3.124 3.0416
3.1285 3.3603
3.133 3.1641
3.1375 3.0149
3.142 2.8877
3.1465 3.0735
3.151 2.937
3.1555 2.6367
3.16 2.3239
3.1645 2.3774
3.169 2.5894
3.1735 2.5564
3.178 2.7005
3.1825 2.502
3.187 2.5196
3.1915 2.0411
3.196 2.2466
3.2005 2.0638
3.205 2.0457
3.2095 2.0227
3.214 2.1164
3.2185 2.0283
3.223 1.8588
3.2275 2.1958
3.232 2.1436
3.2365 2.1931
3.241 1.7611
3.2455 1.8199
3.25 1.9972
3.2545 1.5786
3.259 1.6999
3.2635 1.7402
3.268 2.059
3.2725 1.7034
3.277 1.6362
3.2815 1.5407
3.286 2.0164
3.2905 1.7797
3.295 2.0074
3.2995 1.2891
3.304 1.3924
3.3085 1.6467
3.313 1.5607
3.3175 1.3863
3.322 1.2463
3.3265 1.6456
3.331 1.4847
3.3355 1.4655
3.34 1.5979
3.3445 1.4217
3.349 1.5473
3.3535 1.5032
3.358 1.6006
3.3625 1.4971
3.367 1.539
3.3715 1.2306
3.376 1.5536
3.3805 1.4867
3.385 1.5942
3.3895 1.3201
3.394 1.3368
3.3985 1.2788
3.403 1.3101
3.4075 1.2506
3.412 1.1372
3.4165 1.3082
3.421 1.3644
3.4255 1.1068
3.43 1.2885
3.4345 1.2602
3.439 1.0618
3.4435 1.2457
3.448 1.1319
3.4525 1.1065
3.457 0.99731
3.4615 1.0078
3.466 1.2224
3.4705 0.90677
3.475 1.0501
3.4795 0.93702
3.484 0.96635
3.4885 1.164
3.493 1.0182
3.4975 0.96403
3.502 0.90509
3.5065 1.0217
3.511 0.85451
3.5155 1.0739
3.52 0.95232
3.5245 0.90211
3.529 0.73705
3.5335 0.8324
3.538 0.74061
3.5425 0.84009
3.547 0.84371
3.5515 0.69887
3.556 0.67645
3.5605 0.8713
3.565 0.67665
3.5695 0.63747
3.574 0.62335
3.5785 0.61448
3.583 0.68255
3.5875 0.58081
3.592 0.60694
3.5965 0.38545
3.601 0.4393
3.6055 0.45833
3.61 0.4374
3.6145 0.49693
3.619 0.46877
3.6235 0.38418
3.628 0.33606
3.6325 0.37415
3.637 0.37523
3.6415 0.38729
3.646 0.41585
3.6505 0.41721
3.655 0.36809
3.6595 0.49196
3.664 0.61771
3.6685 0.92314
3.673 0.89262
3.6775 1.3013
3.682 2.2555
3.6865 4.477
3.691 6.4276
3.6955 13.386
3.7 27.322
3.7045 64.13
3.709 146.43
3.7135 292.84
3.718 448.34
3.7225 487.22
3.727 337.55
3.7315 174.03
3.736 142.43
3.7405 147.03
3.745 93.9
3.7495 79.774
3.754 91.026
3.7585 76.034
3.763 77.932
3.7675 67.535
3.772 52.834
3.7765 50.583
3.781 42.097
3.7855 47.481
3.79 44.983
3.7945 50.263
3.799 48.277
3.8035 45.561
3.808 41.526
3.8125 35.994
3.817 30.095
3.8215 26.268
3.826 20.349
3.8305 17.362
3.835 13.074
3.8395 10.871
3.844 8.7317
3.8485 7.4983
3.853 5.9241
3.8575 5.3333
3.862 4.6051
3.8665 3.9188
3.871 3.3447
3.8755 2.4966
3.88 2.6451
3.8845 2.1286
3.889 2.2706
3.8935 1.8046
3.898 1.9596
3.9025 1.7693
3.907 1.5896
3.9115 1.5945
3.916 1.4758
3.9205 1.5069
3.925 1.4673
3.9295 1.6284
3.934 1.4247
3.9385 1.4917
3.943 1.5525
3.9475 1.4439
3.952 1.3301
3.9565 1.4221
3.961 1.2514
3.9655 1.2743
3.97 1.3591
3.9745 1.4828
3.979 1.4924
3.9835 1.3128
3.988 1.2707
3.9925 1.335
3.997 1.2691
4.0015 1.251
4.006 1.2981
4.0105 1.3539
4.015 1.1945
4.0195 1.1733
4.024 1.3782
4.0285 1.0348
4.033 1.2138
4.0375 1.1444
4.042 1.2599
4.0465 1.1817
4.051 1.1169
4.0555 1.1432
4.06 1.3217
4.0645 1.2097
4.069 1.2475
4.0735 1.0882
4.078 1.1267
4.0825 0.99102
4.087 1.195
4.0915 1.115
4.096 1.1848
4.1005 1.2321
4.105 1.1199
4.1095 1.0725
4.114 0.9602
4.1185 0.98799
4.123 0.81109
4.1275 1.0399
4.132 0.95596
4.1365 0.94864
4.141 0.9063
4.1455 0.99018
4.15 0.94972
4.1545 1.1138
4.159 1.1415
4.1635 1.0023
4.168 0.90649
4.1725 1.0885
4.177 0.97986
4.1815 0.78124
4.186 1.0406
4.1905 0.97868
4.195 0.8326
4.1995 0.8752
4.204 0.81052
4.2085 0.94695
4.213 0.93284
4.2175 0.71026
4.222 0.71987
4.2265 0.84092
4.231 0.80309
4.2355 0.93897
4.24 0.85794
4.2445 0.76207
4.249 0.90514
4.2535 0.95675
4.258 0.84038
4.2625 0.91937
4.267 0.8455
4.2715 0.72833
4.276 0.80811
4.2805 0.68653
4.285 0.70566
4.2895 0.7826
4.294 0.91593
4.2985 0.65474
4.303 0.75082
4.3075 0.81045
4.312 0.66536
4.3165 0.71056
4.321 0.76097
4.3255 0.66827
4.33 0.70832
4.3345 0.81905
4.339 0.69721
4.3435 0.5727
4.348 0.59605
4.3525 0.50078
4.357 0.65336
4.3615 0.6973
4.366 0.60249
4.3705 0.61593
4.375 0.69444
4.3795 0.69312
4.384 0.52107
4.3885 0.58083
4.393 0.62489
4.3975 0.48775
4.402 0.57463
4.4065 0.46774
4.411 0.55076
4.4155 0.48873
4.42 0.49812
4.4245 0.33429
4.429 0.53138
4.4335 0.56928
4.438 0.37239
4.4425 0.68638
4.447 1.3756
4.4515 2.3307
4.456 3.6961
4.4605 4.2936
4.465 2.6588
4.4695 0.95575
4.474 1.2147
4.4785 1.6896
4.483 0.78276
4.4875 0.45645
4.492 1.0604
4.4965 0.8471
4.501 0.67578
4.5055 0.54242
4.51 0.55891
4.5145 0.60008
4.519 0.58422
4.5235 0.49052
4.528 0.61435
4.5325 0.543
4.537 0.54954
4.5415 0.49268
4.546 0.52211
4.5505 0.44987
4.555 0.49128
4.5595 0.48293
4.564 0.60459
4.5685 0.36523
4.573 0.45602
4.5775 0.40878
4.582 0.4893
4.5865 0.57183
4.591 0.55111
4.5955 0.55007
4.6 0.4764
4.6045 0.4342
4.609 0.51884
4.6135 0.41656
4.618 0.54161
4.6225 0.41659
4.627 0.44588
4.6315 0.41401
4.636 0.37447
4.6405 0.24829
4.645 0.44788
4.6495 0.26981
4.654 0.35387
4.6585 0.40845
4.663 0.28227
4.6675 0.39614
4.672 0.41545
4.6765 0.39398
4.681 0.31152
4.6855 0.3321
4.69 0.24036
4.6945 0.31291
4.699 0.27158
4.7035 0.33341
4.708 0.35088
4.7125 0.24711
4.717 0.29971
4.7215 0.2903
4.726 0.26028
4.7305 0.39502
4.735 0.25933
4.7395 0.34021
4.744 0.28221
4.7485 0.27007
4.753 0.29171
4.7575 0.375
4.762 0.19765
4.7665 0.35294
4.771 0.28068
4.7755 0.28875
4.78 0.26376
4.7845 0.30034
4.789 0.24062
4.7935 0.333
4.798 0.25084
4.8025 0.26941
4.807 0.34246
4.8115 0.20736
4.816 0.2388
4.8205 0.23992
4.825 0.21776
4.8295 0.23706
4.834 0.28321
4.8385 0.25134
4.843 0.29987
4.8475 0.2374
4.852 0.15587
4.8565 0.19997
4.861 0.16617
4.8655 0.26024
4.87 0.2485
4.8745 0.18571
4.879 0.17687
4.8835 0.18548
4.888 0.2172
4.8925 0.19799
4.897 0.30169
4.9015 0.16761
4.906 0.26207
4.9105 0.26897
4.915 0.22806
4.9195 0.22851
4.924 0.1871
4.9285 0.12391
4.933 0.19643
4.9375 0.28003
4.942 0.13423
4.9465 0.17521
4.951 0.17799
4.9555 0.18748
4.96 0.13548
4.9645 0.11385
4.969 0.15669
4.9735 0.16474
4.978 0.12478
4.9825 0.1884
4.987 0.16886
4.9915 0.14513
4.996 0.06198
