2.200000e-01	8.065946e+06	2.840061e+03
2.240000e-01	8.020656e+06	2.832076e+03
2.280000e-01	8.033200e+06	2.834290e+03
2.320000e-01	8.052716e+06	2.837731e+03
2.360000e-01	8.047590e+06	2.836828e+03
2.400000e-01	8.068721e+06	2.840549e+03
2.440000e-01	8.091183e+06	2.844500e+03
2.480000e-01	7.979808e+06	2.824855e+03
2.520000e-01	8.043492e+06	2.836105e+03
2.560000e-01	8.042222e+06	2.835881e+03
2.600000e-01	8.001528e+06	2.828697e+03
2.640000e-01	8.150938e+06	2.854985e+03
2.680000e-01	8.088152e+06	2.843968e+03
2.720000e-01	8.075842e+06	2.841803e+03
2.760000e-01	8.087566e+06	2.843865e+03
2.800000e-01	8.035945e+06	2.834774e+03
2.840000e-01	8.035302e+06	2.834661e+03
2.880000e-01	8.033038e+06	2.834261e+03
2.920000e-01	8.010264e+06	2.830241e+03
2.960000e-01	8.007670e+06	2.829783e+03
3.000000e-01	7.978424e+06	2.824610e+03
3.040000e-01	7.941544e+06	2.818075e+03
3.080000e-01	7.922213e+06	2.814643e+03
3.120000e-01	7.898550e+06	2.810436e+03
3.160000e-01	7.886140e+06	2.808227e+03
3.200000e-01	7.829280e+06	2.798085e+03
3.240000e-01	7.840468e+06	2.800083e+03
3.280000e-01	7.899719e+06	2.810644e+03
3.320000e-01	7.950026e+06	2.819579e+03
3.360000e-01	8.029374e+06	2.833615e+03
3.400000e-01	8.021541e+06	2.832233e+03
3.440000e-01	7.955669e+06	2.820580e+03
3.480000e-01	7.892860e+06	2.809424e+03
3.520000e-01	7.841840e+06	2.800328e+03
3.560000e-01	7.824972e+06	2.797315e+03
3.600000e-01	7.819994e+06	2.796425e+03
3.640000e-01	7.760712e+06	2.785805e+03
3.680000e-01	7.800012e+06	2.792850e+03
3.720000e-01	7.832984e+06	2.798747e+03
3.760000e-01	7.851720e+06	2.802092e+03
3.800000e-01	7.896686e+06	2.810104e+03
3.840000e-01	7.812924e+06	2.795161e+03
3.880000e-01	7.971600e+06	2.823402e+03
3.920000e-01	7.969517e+06	2.823033e+03
3.960000e-01	7.849218e+06	2.801646e+03
4.000000e-01	7.788684e+06	2.790821e+03
4.040000e-01	7.709770e+06	2.776647e+03
4.080000e-01	7.716946e+06	2.777939e+03
4.120000e-01	7.631542e+06	2.762525e+03
4.160000e-01	7.579110e+06	2.753018e+03
4.200000e-01	7.414420e+06	2.722943e+03
4.240000e-01	7.323958e+06	2.706281e+03
4.280000e-01	7.211473e+06	2.685419e+03
4.320000e-01	7.361314e+06	2.713174e+03
4.360000e-01	7.317699e+06	2.705125e+03
4.400000e-01	7.304574e+06	2.702698e+03
4.440000e-01	7.235552e+06	2.689898e+03
4.480000e-01	7.153586e+06	2.674619e+03
4.520000e-01	6.850926e+06	2.617427e+03
4.560000e-01	6.345338e+06	2.518995e+03
4.600000e-01	5.810408e+06	2.410479e+03
4.640000e-01	5.276677e+06	2.297102e+03
4.680000e-01	4.780835e+06	2.186512e+03
4.720000e-01	4.266830e+06	2.065631e+03
4.760000e-01	3.801870e+06	1.949838e+03
4.800000e-01	3.383121e+06	1.839326e+03
4.840000e-01	3.018535e+06	1.737393e+03
4.880000e-01	2.699931e+06	1.643147e+03
4.920000e-01	2.420015e+06	1.555640e+03
4.960000e-01	2.176482e+06	1.475290e+03
5.000000e-01	1.962768e+06	1.400988e+03
5.040000e-01	1.776773e+06	1.332956e+03
5.080000e-01	1.619706e+06	1.272677e+03
5.120000e-01	1.481285e+06	1.217081e+03
5.160000e-01	1.350095e+06	1.161936e+03
5.200000e-01	1.230662e+06	1.109352e+03
5.240000e-01	1.122909e+06	1.059674e+03
5.280000e-01	1.038256e+06	1.018948e+03
5.320000e-01	9.653004e+05	9.824970e+02
5.360000e-01	8.983469e+05	9.478116e+02
5.400000e-01	8.252952e+05	9.084576e+02
5.440000e-01	7.549592e+05	8.688839e+02
5.480000e-01	6.899852e+05	8.306535e+02
5.520000e-01	6.403201e+05	8.002000e+02
5.560000e-01	6.043508e+05	7.774000e+02
5.600000e-01	5.751716e+05	7.584007e+02
5.640000e-01	5.412164e+05	7.356741e+02
5.680000e-01	4.991731e+05	7.065218e+02
5.720000e-01	4.549438e+05	6.744952e+02
5.760000e-01	4.146947e+05	6.439679e+02
5.800000e-01	3.854278e+05	6.208283e+02
5.840000e-01	3.693877e+05	6.077728e+02
5.880000e-01	3.580291e+05	5.983554e+02
5.920000e-01	3.444250e+05	5.868773e+02
5.960000e-01	3.233783e+05	5.686636e+02
6.000000e-01	2.960487e+05	5.441036e+02
6.040000e-01	2.673174e+05	5.170275e+02
6.080000e-01	2.431168e+05	4.930687e+02
6.120000e-01	2.296645e+05	4.792332e+02
6.160000e-01	2.239788e+05	4.732639e+02
6.200000e-01	2.213812e+05	4.705116e+02
6.240000e-01	2.145868e+05	4.632352e+02
6.280000e-01	2.047740e+05	4.525196e+02
6.320000e-01	1.868989e+05	4.323181e+02
6.360000e-01	1.667732e+05	4.083787e+02
6.400000e-01	1.502782e+05	3.876573e+02
6.440000e-01	1.389170e+05	3.727157e+02
6.480000e-01	1.363408e+05	3.692435e+02
6.520000e-01	1.374000e+05	3.706750e+02
6.560000e-01	1.380685e+05	3.715757e+02
6.600000e-01	1.347620e+05	3.670994e+02
6.640000e-01	1.256581e+05	3.544829e+02
6.680000e-01	1.130134e+05	3.361747e+02
6.720000e-01	1.000538e+05	3.163127e+02
6.760000e-01	8.848019e+04	2.974562e+02
6.800000e-01	8.409070e+04	2.899840e+02
6.840000e-01	8.329661e+04	2.886115e+02
6.880000e-01	8.599763e+04	2.932535e+02
6.920000e-01	8.777187e+04	2.962632e+02
6.960000e-01	8.614438e+04	2.935036e+02
7.000000e-01	8.088282e+04	2.843991e+02
7.040000e-01	7.203627e+04	2.683957e+02
7.080000e-01	6.264299e+04	2.502858e+02
7.120000e-01	5.538610e+04	2.353425e+02
7.160000e-01	5.135296e+04	2.266119e+02
7.200000e-01	5.151389e+04	2.269667e+02
7.240000e-01	5.313673e+04	2.305140e+02
7.280000e-01	5.600684e+04	2.366576e+02
7.320000e-01	5.618394e+04	2.370315e+02
7.360000e-01	5.365989e+04	2.316460e+02
7.400000e-01	4.888054e+04	2.210894e+02
7.440000e-01	4.238027e+04	2.058647e+02
7.480000e-01	3.612880e+04	1.900758e+02
7.520000e-01	3.224302e+04	1.795634e+02
7.560000e-01	3.067779e+04	1.751507e+02
7.600000e-01	3.180700e+04	1.783452e+02
7.640000e-01	3.401917e+04	1.844429e+02
7.680000e-01	3.560829e+04	1.887016e+02
7.720000e-01	3.568898e+04	1.889153e+02
7.760000e-01	3.356112e+04	1.831969e+02
7.800000e-01	3.020536e+04	1.737969e+02
7.840000e-01	2.609437e+04	1.615375e+02
7.880000e-01	2.219149e+04	1.489681e+02
7.920000e-01	1.910876e+04	1.382344e+02
7.960000e-01	1.888284e+04	1.374148e+02
8.000000e-01	1.983390e+04	1.408329e+02
8.040000e-01	2.154585e+04	1.467850e+02
8.080000e-01	2.290125e+04	1.513316e+02
8.120000e-01	2.285875e+04	1.511911e+02
8.160000e-01	2.155908e+04	1.468301e+02
8.200000e-01	1.902896e+04	1.379455e+02
8.240000e-01	1.613885e+04	1.270388e+02
8.280000e-01	1.370209e+04	1.170559e+02
8.320000e-01	1.200854e+04	1.095835e+02
8.360000e-01	1.173722e+04	1.083385e+02
8.400000e-01	1.217792e+04	1.103536e+02
8.440000e-01	1.318539e+04	1.148276e+02
8.480000e-01	1.460472e+04	1.208500e+02
8.520000e-01	1.466853e+04	1.211137e+02
8.560000e-01	1.388341e+04	1.178279e+02
8.600000e-01	1.277925e+04	1.130454e+02
8.640000e-01	1.063356e+04	1.031192e+02
8.680000e-01	8.773461e+03	9.366675e+01
8.720000e-01	7.656368e+03	8.750068e+01
8.760000e-01	7.354656e+03	8.575929e+01
8.800000e-01	7.353469e+03	8.575237e+01
8.840000e-01	8.267829e+03	9.092760e+01
8.880000e-01	8.952118e+03	9.461563e+01
8.920000e-01	9.425719e+03	9.708614e+01
8.960000e-01	9.197844e+03	9.590539e+01
9.000000e-01	8.285308e+03	9.102367e+01
9.040000e-01	7.334103e+03	2.708155e+01
9.080000e-01	6.102867e+03	2.470398e+01
9.120000e-01	5.068995e+03	2.251443e+01
9.160000e-01	4.501504e+03	2.121675e+01
9.200000e-01	4.472391e+03	2.114803e+01
9.240000e-01	4.835963e+03	2.199082e+01
9.280000e-01	5.327393e+03	2.308115e+01
9.320000e-01	5.779561e+03	2.404072e+01
9.360000e-01	5.948957e+03	2.439048e+01
9.400000e-01	5.734634e+03	2.394710e+01
9.440000e-01	5.188704e+03	2.277873e+01
9.480000e-01	4.378836e+03	2.092567e+01
9.520000e-01	3.584645e+03	1.893316e+01
9.560000e-01	3.066905e+03	1.751258e+01
9.600000e-01	2.810871e+03	1.676565e+01
9.640000e-01	2.898701e+03	1.702557e+01
9.680000e-01	3.183841e+03	1.784332e+01
9.720000e-01	3.537339e+03	1.880782e+01
9.760000e-01	3.714362e+03	1.927268e+01
9.800000e-01	3.784879e+03	1.945476e+01
9.840000e-01	3.584960e+03	1.893399e+01
9.880000e-01	3.150680e+03	1.775015e+01
9.920000e-01	2.661382e+03	1.631374e+01
9.960000e-01	2.209601e+03	1.486473e+01
1.000000e+00	1.924930e+03	1.387419e+01
1.004000e+00	1.783215e+03	1.335371e+01
1.008000e+00	1.875398e+03	1.369452e+01
1.012000e+00	2.059016e+03	1.434927e+01
1.016000e+00	2.276875e+03	1.508932e+01
1.020000e+00	2.420635e+03	1.555839e+01
1.024000e+00	2.413761e+03	1.553628e+01
1.028000e+00	2.266856e+03	1.505608e+01
1.032000e+00	1.966854e+03	1.402446e+01
1.036000e+00	1.696015e+03	1.302311e+01
1.040000e+00	1.409141e+03	1.187072e+01
1.044000e+00	1.216043e+03	1.102743e+01
1.048000e+00	1.172536e+03	1.082837e+01
1.052000e+00	1.224579e+03	1.106607e+01
1.056000e+00	1.359644e+03	1.166038e+01
1.060000e+00	1.458823e+03	1.207818e+01
1.064000e+00	1.555388e+03	1.247152e+01
1.068000e+00	1.559568e+03	1.248827e+01
1.072000e+00	1.436216e+03	1.198423e+01
1.076000e+00	1.290788e+03	1.136129e+01
1.080000e+00	1.096296e+03	1.047042e+01
1.084000e+00	9.356729e+02	9.673019e+00
1.088000e+00	8.170197e+02	9.038914e+00
1.092000e+00	7.749092e+02	8.802893e+00
1.096000e+00	8.186855e+02	9.048124e+00
1.100000e+00	8.970075e+02	9.471048e+00
1.104000e+00	9.702869e+02	9.850314e+00
1.108000e+00	1.016405e+03	1.008169e+01
1.112000e+00	1.004335e+03	1.002165e+01
1.116000e+00	9.675757e+02	9.836542e+00
1.120000e+00	8.480075e+02	9.208732e+00
1.124000e+00	7.365208e+02	8.582079e+00
1.128000e+00	6.318808e+02	7.949093e+00
1.132000e+00	5.707922e+02	7.555079e+00
1.136000e+00	5.322668e+02	7.295661e+00
1.140000e+00	5.444303e+02	7.378552e+00
1.144000e+00	5.988367e+02	7.738454e+00
1.148000e+00	6.473261e+02	8.045658e+00
1.152000e+00	6.757027e+02	8.220114e+00
1.156000e+00	6.784810e+02	8.236996e+00
1.160000e+00	6.501928e+02	8.063453e+00
1.164000e+00	5.754017e+02	7.585524e+00
1.168000e+00	5.273146e+02	7.261643e+00
1.172000e+00	4.441915e+02	6.664769e+00
1.176000e+00	3.984367e+02	6.312185e+00
1.180000e+00	3.771396e+02	6.141170e+00
1.184000e+00	3.908718e+02	6.251974e+00
1.188000e+00	4.042055e+02	6.357716e+00
1.192000e+00	4.400365e+02	6.633525e+00
1.196000e+00	4.663955e+02	6.829316e+00
1.200000e+00	4.683313e+02	6.843473e+00
1.204000e+00	4.495292e+02	6.704694e+00
1.208000e+00	4.012518e+02	6.334444e+00
1.212000e+00	3.582527e+02	5.985422e+00
1.216000e+00	3.090009e+02	5.558785e+00
1.220000e+00	2.891187e+02	5.376976e+00
1.224000e+00	2.617795e+02	5.116440e+00
1.228000e+00	2.821419e+02	5.311703e+00
1.232000e+00	2.853585e+02	5.341895e+00
1.236000e+00	2.994948e+02	5.472612e+00
1.240000e+00	3.144742e+02	5.607800e+00
1.244000e+00	3.215426e+02	5.670473e+00
1.248000e+00	3.059291e+02	5.531086e+00
1.250000e+00	2.909167e+02	3.114037e+00
1.256000e+00	2.609601e+02	2.949351e+00
1.262000e+00	2.231867e+02	2.727555e+00
1.268000e+00	2.044728e+02	2.610701e+00
1.274000e+00	2.015460e+02	2.591949e+00
1.280000e+00	2.171914e+02	2.690672e+00
1.286000e+00	2.305181e+02	2.771991e+00
1.292000e+00	2.222664e+02	2.721926e+00
1.298000e+00	1.992322e+02	2.577028e+00
1.304000e+00	1.750313e+02	2.415446e+00
1.310000e+00	1.548383e+02	2.271845e+00
1.316000e+00	1.509589e+02	2.243204e+00
1.322000e+00	1.568139e+02	2.286292e+00
1.328000e+00	1.627166e+02	2.328924e+00
1.334000e+00	1.683782e+02	2.369094e+00
1.340000e+00	1.572883e+02	2.289748e+00
1.346000e+00	1.385714e+02	2.149197e+00
1.352000e+00	1.235382e+02	2.029271e+00
1.358000e+00	1.144216e+02	1.952960e+00
1.364000e+00	1.170221e+02	1.975028e+00
1.370000e+00	1.227728e+02	2.022974e+00
1.376000e+00	1.264254e+02	2.052847e+00
1.382000e+00	1.221273e+02	2.017650e+00
1.388000e+00	1.126933e+02	1.938155e+00
1.394000e+00	1.020960e+02	1.844776e+00
1.400000e+00	9.129070e+01	1.744426e+00
1.406000e+00	8.691245e+01	1.702082e+00
1.412000e+00	9.292973e+01	1.760016e+00
1.418000e+00	9.710382e+01	1.799109e+00
1.424000e+00	9.689478e+01	1.797172e+00
1.430000e+00	9.220633e+01	1.753153e+00
1.436000e+00	8.361137e+01	1.669445e+00
1.442000e+00	7.300041e+01	1.559919e+00
1.448000e+00	6.981017e+01	1.525453e+00
1.454000e+00	6.992928e+01	1.526753e+00
1.460000e+00	7.155333e+01	1.544380e+00
1.466000e+00	7.607903e+01	1.592472e+00
1.472000e+00	7.244761e+01	1.554001e+00
1.478000e+00	7.003542e+01	1.527912e+00
1.484000e+00	6.236732e+01	1.441843e+00
1.490000e+00	5.697511e+01	1.378104e+00
1.496000e+00	5.423094e+01	1.344507e+00
1.502000e+00	5.613296e+01	1.367881e+00
1.508000e+00	5.844510e+01	1.395769e+00
1.514000e+00	5.946789e+01	1.407929e+00
1.520000e+00	5.632408e+01	1.370208e+00
1.526000e+00	5.294119e+01	1.328422e+00
1.532000e+00	5.009819e+01	1.292261e+00
1.538000e+00	4.367463e+01	1.206574e+00
1.544000e+00	4.502788e+01	1.225124e+00
1.550000e+00	4.473787e+01	1.221172e+00
1.556000e+00	4.916684e+01	1.280193e+00
1.562000e+00	4.593451e+01	1.237397e+00
1.568000e+00	4.437323e+01	1.216186e+00
1.574000e+00	4.188357e+01	1.181575e+00
1.580000e+00	3.789530e+01	1.123911e+00
1.586000e+00	3.727284e+01	1.114643e+00
1.592000e+00	3.605012e+01	1.096207e+00
1.598000e+00	3.484696e+01	1.077759e+00
1.604000e+00	3.858743e+01	1.134129e+00
1.610000e+00	3.725808e+01	1.114422e+00
1.616000e+00	3.310080e+01	1.050409e+00
1.622000e+00	3.358517e+01	1.058067e+00
1.628000e+00	2.988193e+01	9.980302e-01
1.634000e+00	2.887621e+01	9.810915e-01
1.640000e+00	2.926085e+01	9.876041e-01
1.646000e+00	2.986868e+01	9.978090e-01
1.652000e+00	2.980937e+01	9.968178e-01
1.658000e+00	2.914163e+01	9.855900e-01
1.664000e+00	2.731692e+01	9.542347e-01
1.670000e+00	2.600439e+01	9.310280e-01
1.676000e+00	2.406193e+01	8.955805e-01
1.682000e+00	2.329770e+01	8.812434e-01
1.688000e+00	2.169718e+01	8.504349e-01
1.694000e+00	2.320577e+01	8.795030e-01
1.700000e+00	2.229918e+01	8.621520e-01
1.706000e+00	2.317734e+01	8.789641e-01
1.712000e+00	2.376064e+01	8.899559e-01
1.718000e+00	2.193775e+01	8.551364e-01
1.724000e+00	2.064777e+01	8.296138e-01
1.730000e+00	2.045125e+01	8.256563e-01
1.736000e+00	2.037603e+01	8.241366e-01
1.742000e+00	1.952332e+01	8.067076e-01
1.748000e+00	2.008532e+01	8.182363e-01
1.754000e+00	1.785668e+01	7.715067e-01
1.760000e+00	1.831281e+01	7.812982e-01
1.766000e+00	1.689925e+01	7.505386e-01
1.772000e+00	1.554914e+01	7.199338e-01
1.778000e+00	1.562279e+01	7.216368e-01
1.784000e+00	1.612709e+01	7.331913e-01
1.790000e+00	1.496896e+01	7.063748e-01
1.796000e+00	1.687276e+01	7.499503e-01
1.802000e+00	1.577030e+01	7.250357e-01
1.808000e+00	1.420250e+01	6.880529e-01
1.814000e+00	1.395069e+01	6.819260e-01
1.820000e+00	1.425445e+01	6.893101e-01
1.826000e+00	1.397596e+01	6.825434e-01
1.832000e+00	1.244767e+01	6.441446e-01
1.838000e+00	1.241315e+01	6.432509e-01
1.844000e+00	1.199034e+01	6.322008e-01
1.850000e+00	1.290104e+01	6.557704e-01
1.856000e+00	1.329057e+01	6.655967e-01
1.862000e+00	1.132834e+01	6.145009e-01
1.868000e+00	1.090460e+01	6.028986e-01
1.874000e+00	1.073702e+01	5.982481e-01
1.880000e+00	1.108806e+01	6.079491e-01
1.886000e+00	1.014510e+01	5.815240e-01
1.892000e+00	1.067108e+01	5.964080e-01
1.898000e+00	1.066526e+01	5.962455e-01
1.904000e+00	1.018756e+01	5.827396e-01
1.910000e+00	9.049027e+00	5.492124e-01
1.916000e+00	9.959473e+00	5.761792e-01
1.922000e+00	8.730307e+00	5.394536e-01
1.928000e+00	8.730240e+00	5.394516e-01
1.934000e+00	8.355130e+00	5.277351e-01
1.940000e+00	8.748473e+00	5.400146e-01
1.946000e+00	8.472727e+00	5.314360e-01
1.952000e+00	8.952570e+00	5.462774e-01
1.958000e+00	7.526593e+00	5.008857e-01
1.964000e+00	6.851757e+00	4.779036e-01
1.970000e+00	7.249197e+00	4.915688e-01
1.976000e+00	7.448837e+00	4.982916e-01
1.982000e+00	7.111860e+00	4.868901e-01
1.988000e+00	6.721720e+00	4.733469e-01
1.994000e+00	7.670573e+00	5.056538e-01
2.000000e+00	7.986540e+00	5.159632e-01
2.006000e+00	6.657883e+00	4.710939e-01
2.012000e+00	6.719627e+00	4.732732e-01
2.018000e+00	6.273897e+00	4.573072e-01
2.024000e+00	6.032713e+00	4.484311e-01
2.030000e+00	5.922063e+00	4.442996e-01
2.036000e+00	5.613693e+00	4.325773e-01
2.042000e+00	5.489070e+00	4.277488e-01
2.048000e+00	6.374390e+00	4.609552e-01
2.054000e+00	5.615803e+00	4.326586e-01
2.060000e+00	5.196823e+00	4.162060e-01
2.066000e+00	5.315693e+00	4.209392e-01
2.072000e+00	4.347683e+00	3.806872e-01
2.078000e+00	5.221087e+00	4.171765e-01
2.084000e+00	5.542337e+00	4.298192e-01
2.090000e+00	4.653060e+00	3.938299e-01
2.096000e+00	4.861787e+00	4.025662e-01
2.102000e+00	4.413943e+00	3.835772e-01
2.108000e+00	4.600300e+00	3.915908e-01
2.114000e+00	5.168830e+00	4.150835e-01
2.120000e+00	4.704480e+00	3.960000e-01
2.126000e+00	4.648967e+00	3.936566e-01
2.132000e+00	4.612993e+00	3.921306e-01
2.138000e+00	4.017513e+00	3.659469e-01
2.144000e+00	4.360387e+00	3.812430e-01
2.150000e+00	4.174163e+00	3.730131e-01
2.156000e+00	4.167910e+00	3.727336e-01
2.162000e+00	3.507383e+00	3.419251e-01
2.168000e+00	4.117847e+00	3.704883e-01
2.174000e+00	3.533220e+00	3.431822e-01
2.180000e+00	4.072620e+00	3.684481e-01
2.186000e+00	3.779720e+00	3.549516e-01
2.192000e+00	3.141547e+00	3.236020e-01
2.198000e+00	3.115140e+00	3.222390e-01
2.204000e+00	3.757200e+00	3.538926e-01
2.210000e+00	3.058047e+00	3.192724e-01
2.216000e+00	3.735923e+00	3.528892e-01
2.222000e+00	3.463870e+00	3.397975e-01
2.228000e+00	2.776983e+00	3.042468e-01
2.234000e+00	3.291577e+00	3.312389e-01
2.240000e+00	3.016260e+00	3.170836e-01
2.246000e+00	2.778213e+00	3.043142e-01
2.252000e+00	2.805533e+00	3.058068e-01
2.258000e+00	3.040010e+00	3.183295e-01
2.264000e+00	3.678220e+00	3.501533e-01
2.270000e+00	2.997500e+00	3.160960e-01
2.276000e+00	3.048070e+00	3.187512e-01
2.282000e+00	2.944033e+00	3.132642e-01
2.288000e+00	2.950607e+00	3.136137e-01
2.294000e+00	2.530733e+00	2.904441e-01
2.300000e+00	2.511303e+00	2.893270e-01
2.306000e+00	1.842210e+00	2.478044e-01
2.312000e+00	2.983163e+00	3.153391e-01
2.318000e+00	2.582377e+00	2.933926e-01
2.324000e+00	3.090213e+00	3.209472e-01
2.330000e+00	1.868690e+00	2.495790e-01
2.336000e+00	2.086057e+00	2.636953e-01
2.342000e+00	2.627877e+00	2.959660e-01
2.348000e+00	2.022240e+00	2.596305e-01
2.354000e+00	2.397777e+00	2.827117e-01
2.360000e+00	2.338217e+00	2.791784e-01
2.366000e+00	2.372437e+00	2.812138e-01
2.372000e+00	2.051117e+00	2.614776e-01
2.378000e+00	2.046280e+00	2.611692e-01
2.384000e+00	2.075800e+00	2.630463e-01
2.390000e+00	1.587803e+00	2.300582e-01
2.396000e+00	1.840827e+00	2.477113e-01
2.402000e+00	1.734323e+00	2.404387e-01
2.408000e+00	1.567650e+00	2.285935e-01
2.414000e+00	1.762280e+00	2.423689e-01
2.420000e+00	2.079537e+00	2.632829e-01
2.426000e+00	1.666057e+00	2.356591e-01
2.432000e+00	1.977313e+00	2.567303e-01
2.438000e+00	1.837820e+00	2.475089e-01
2.444000e+00	1.429313e+00	2.182745e-01
2.450000e+00	1.704707e+00	2.383769e-01
2.456000e+00	1.943500e+00	2.545257e-01
2.462000e+00	1.630523e+00	2.331325e-01
2.468000e+00	1.523373e+00	2.253422e-01
2.474000e+00	1.564837e+00	2.283883e-01
2.480000e+00	1.550113e+00	2.273113e-01
2.486000e+00	1.589937e+00	2.302127e-01
2.492000e+00	1.394683e+00	2.156141e-01
2.498000e+00	1.526447e+00	2.255694e-01
